0.992842
1.21288
0.833664
0.652927
2.05353
1.23949
1.3495
0.9842
1.07174
0.846847
0.697186
0.968755
0.700572
0.973127
0.803203
1.24012
0.721264
1.25544
0.667706
0.859281
1.18924
1.35508
1.55053
0.726778
0.792487
0.89501
0.8927
0.93654
0.766161
0.977345
1.16907
0.853381
0.748603
0.981165
0.730006
1.09388
1.05991
0.754126
1.00499
0.622838
0.698345
0.968975
0.82444
0.990637
1.01081
0.669717
1.1622
0.797381
0.9737
0.952067
1.29562
0.843099
0.784074
1.06366
0.80322
1.088
1.06778
0.937041
0.672773
0.627105
1.04693
1.07214
1.66536
0.699542
1.21314
0.91651
1.159
0.532923
0.784126
0.862986
0.820422
1.02249
0.961868
0.918307
0.720847
0.510731
0.844082
1.06943
0.918786
0.693009
0.892839
1.10125
0.919687
