-1.08619
-0.0667404
0.771342
-0.177699
-0.164275
-0.491124
-0.277973
-0.43496
0.698191
0.099561
-0.679617
-0.616329
-0.435781
-1.51606
-0.582083
-1.9303
-0.620165
-0.42948
-0.304275
-1.07441
0.102027
-0.839343
-1.71195
-0.52674
-1.2988
-0.495781
-0.573316
-1.06592
-1.07551
-1.12838
-0.767288
-1.05222
-0.502357
-0.322083
-0.414138
-0.604275
-1.15249
-1.52153
-0.909206
-0.846192
-0.803453
-0.0785212
-0.0683842
-1.104
-0.541809
-0.402631
-0.395508
0.0743555
0.110794
0.198465
0.00175276
0.174356
0.0338076
1.05901
-0.108932
-0.225371
0.845588
0.385314
0.372986
0.960931
0.672164
0.569424
1.65271
0.576821
0.08915
0.856547
1.22011
0.490794
1.00614
-0.204001
1.20422
0.78915
0.337095
1.36997
1.476
0.895999
1.36394
1.67052
1.92696
1.56449
1.11052
2.64559
2.25079
