0.989319
1.03351
1.01213
1.04461
1.04433
1.02722
0.974042
1.05208
0.98774
0.957658
0.930509
0.992818
1.00881
1.02166
0.975507
1.01042
0.972712
0.924188
1.01107
0.977424
0.975774
0.965524
0.969917
0.922831
0.97285
0.990363
0.953653
0.954706
1.02836
0.930997
0.983191
0.992423
0.970461
0.99044
0.966376
1.04701
1.02374
1.00434
1.04757
1.0015
1.0453
1.02292
1.0225
1.01303
1.04838
1.0278
1.06291
1.02052
0.96857
1.05484
1.04361
1.04951
0.954368
0.938094
1.00767
1.04892
0.974037
1.0337
0.986102
0.942113
1.03988
1.06993
0.998248
1.02433
1.0185
0.999499
1.03471
0.95588
0.963032
0.998266
1.02571
0.990045
0.971225
1.02908
1.02177
0.987814
0.988126
0.982173
0.952391
0.988197
1.02719
0.964821
0.984487
0.950955
0.994717
0.969725
1.00198
0.985037
1.07487
1.00819
1.04224
0.982919
1.02704
0.995362
1.04727
1.00527
1.06348
1.01669
1.00614
0.988862
1.03164
0.986993
0.950109
1.02659
1.08106
0.987714
1.00188
1.01292
1.00166
1.02698
0.955401
0.968511
0.999977
0.976985
1.07172
0.990509
0.986853
1.03226
0.940312
0.989931
0.995181
1.01893
0.96381
1.01451
0.972443
0.983531
0.988192
1.00006
0.961479
1.05075
0.948969
0.924342
1.00654
0.991376
1.06788
1.01554
1.04016
1.03851
1.08268
0.941346
0.930506
0.956927
1.02123
1.00577
0.957818
1.01411
0.995411
1.01534
1.01303
0.989556
1.01509
1.01424
0.954441
0.919042
0.997461
0.967887
1.02312
0.982063
1.02844
0.933931
1.00813
0.972691
1.01241
0.998464
1.03764
0.973095
1.03397
0.954401
0.957369
0.965505
1.02052
1.01194
1.01108
1.02334
0.979942
0.981109
1.00612
1.02041
0.994348
1.02663
1.01714
0.985508
0.975953
1.02693
0.940837
0.959975
1.04353
1.05932
0.955541
0.988954
1.04294
1.02049
0.966087
1.0144
1.02577
1.0324
1.00824
1.04373
1.01684
1.00486
0.998633
1.0036
0.942282
1.00964
1.04099
0.964192
1.09234
1.02034
0.939061
1.01816
0.972186
0.994182
1.04161
0.976208
1.05537
1.05714
0.981104
0.98232
0.914226
0.946655
1.01777
0.956442
0.907596
0.99314
1.04138
0.971519
0.942158
0.999432
1.00721
1.05335
1.08555
0.993985
1.00691
1.08582
0.991892
1.00214
0.974745
1.09515
1.07056
0.979537
0.972497
1.05546
0.926577
1.02826
1.02768
0.993091
1.01681
1.016
1.01565
1.0164
1.1188
0.989937
1.0016
0.973187
1.01222
0.999885
0.964355
0.954049
1.10166
0.995418
0.974641
0.951479
0.930183
1.04006
1.03242
0.991629
0.997972
0.962973
1.03561
0.980821
1.00396
1.04954
1.00243
1.01078
1.05605
1.01606
1.02155
1.05352
1.03917
0.953333
0.982159
0.97498
1.02713
1.00637
1.02568
1.03788
0.998873
1.02396
0.996396
1.03595
0.972266
1.04608
1.08366
0.991899
0.937123
0.972067
0.996774
0.939003
1.03041
1.02941
1.02437
0.992756
1.02126
1.03662
1.01562
1.00265
0.987295
0.985876
1.07052
1.04071
1.01564
1.0233
1.02258
0.935547
1.01262
1.01576
1.04529
1.04925
0.98331
1.03917
0.996337
0.967703
1.0093
0.976976
1.01886
1.02767
0.925188
1.01521
1.03304
0.998819
1.0339
1.01014
1.06516
1.07978
1.02054
1.02342
0.983159
0.994145
1.05436
1.01144
1.01295
1.02033
1.01395
1.02623
0.981605
0.973084
0.961914
0.965751
1.00855
0.975809
0.970538
1.02008
0.974591
1.00478
1.00879
1.03038
0.989617
1.02429
1.02289
1.03086
0.99847
1.03252
1.00832
0.986251
0.989809
1.01985
1.08696
0.998701
1.03648
0.993489
0.961701
1.02238
1.0086
1.11278
0.983658
1.02849
0.973861
0.967291
0.975947
1.00885
1.02453
1.00854
0.966001
1.03299
0.932249
1.05145
1.00937
1.02491
0.989772
0.986607
1.01775
1.02674
1.00537
0.943845
1.08221
1.03899
0.977181
1.02353
1.02475
1.09765
1.01635
1.04753
1.02221
1.0407
1.01967
1.00389
0.994266
1.03141
1.02049
1.04676
0.973898
0.95423
0.959088
0.952919
0.986034
1.04971
0.955712
1.00383
1.02015
1.00573
1.03278
0.988804
1.01834
0.976093
0.964016
0.939529
1.01987
1.0228
1.04682
1.03649
1.01433
1.00094
0.991123
1.01355
1.0362
1.05352
1.07411
0.993837
0.997511
0.974879
0.929358
1.0378
1.03228
0.99983
1.03753
1.01068
1.05834
1.01032
1.05401
0.965778
1.01809
0.987954
1.01542
0.971276
0.987459
1.03002
0.999715
0.926681
1.04751
1.01325
1.00788
1.07512
1.00754
1.06681
1.00375
1.02674
0.997223
1.01378
1.04006
1.0026
1.01746
1.01479
0.946193
1.03819
1.03443
1.02045
1.03358
1.03716
0.971445
1.01572
0.965125
1.05001
0.95949
0.984234
1.00711
1.0129
0.967355
1.03026
1.0528
0.996833
1.03629
0.959562
1.02119
1.05603
0.977482
0.949152
0.992314
0.984598
1.02664
1.03625
0.989319
1.03351
1.01213
1.04461
1.04433
1.02722
0.974042
1.05208
0.98774
0.957658
0.930509
0.992818
1.00881
1.02166
0.975507
1.01042
0.972712
0.924188
1.01107
0.977424
0.975774
0.965524
0.969917
0.922831
0.97285
0.990363
0.953653
0.954706
1.02836
0.930997
0.983191
0.992423
0.970461
0.99044
0.966376
1.04701
1.02374
1.00434
1.04757
1.0015
1.0453
1.02292
1.0225
1.01303
1.04838
1.0278
1.06291
1.02052
0.96857
1.05484
1.04361
1.04951
0.954368
0.938094
1.00767
1.04892
0.974037
1.0337
0.986102
0.942113
1.03988
1.06993
0.998248
1.02433
1.0185
0.999499
1.03471
0.95588
0.963032
0.998266
1.02571
0.990045
0.971225
1.02908
1.02177
0.987814
0.988126
0.982173
0.952391
0.988197
1.02719
0.964821
0.984487
0.950955
0.994717
0.969725
1.00198
0.985037
1.07487
1.00819
1.04224
0.982919
1.02704
0.995362
1.04727
1.00527
1.06348
1.01669
1.00614
0.988862
1.03164
0.986993
0.950109
1.02659
1.08106
0.987714
1.00188
1.01292
1.00166
1.02698
0.955401
0.968511
0.999977
0.976985
1.07172
0.990509
0.986853
1.03226
0.940312
0.989931
0.995181
1.01893
0.96381
1.01451
0.972443
0.983531
0.988192
1.00006
0.961479
1.05075
0.948969
0.924342
1.00654
0.991376
1.06788
1.01554
1.04016
1.03851
1.08268
0.941346
0.930506
0.956927
1.02123
1.00577
0.957818
1.01411
0.995411
1.01534
1.01303
0.989556
1.01509
1.01424
0.954441
0.919042
0.997461
0.967887
1.02312
0.982063
1.02844
0.933931
1.00813
0.972691
1.01241
0.998464
1.03764
0.973095
1.03397
0.954401
0.957369
0.965505
1.02052
1.01194
1.01108
1.02334
0.979942
0.981109
1.00612
1.02041
0.994348
1.02663
1.01714
0.985508
0.975953
1.02693
0.940837
0.959975
1.04353
1.05932
0.955541
0.988954
1.04294
1.02049
0.966087
1.0144
1.02577
1.0324
1.00824
1.04373
1.01684
1.00486
0.998633
1.0036
0.942282
1.00964
1.04099
0.964192
1.09234
1.02034
0.939061
1.01816
0.972186
0.994182
1.04161
0.976208
1.05537
1.05714
0.981104
0.98232
0.914226
0.946655
1.01777
0.956442
0.907596
0.99314
1.04138
0.971519
0.942158
0.999432
1.00721
1.05335
1.08555
0.993985
1.00691
1.08582
0.991892
1.00214
0.974745
1.09515
1.07056
0.979537
0.972497
1.05546
0.926577
1.02826
1.02768
0.993091
1.01681
1.016
1.01565
1.0164
1.1188
0.989937
1.0016
0.973187
1.01222
0.999885
0.964355
0.954049
1.10166
0.995418
0.974641
0.951479
0.930183
1.04006
1.03242
0.991629
0.997972
0.962973
1.03561
0.980821
1.00396
1.04954
1.00243
1.01078
1.05605
1.01606
1.02155
1.05352
1.03917
0.953333
0.982159
0.97498
1.02713
1.00637
1.02568
1.03788
0.998873
1.02396
0.996396
1.03595
0.972266
1.04608
1.08366
0.991899
0.937123
0.972067
0.996774
0.939003
1.03041
1.02941
1.02437
0.992756
1.02126
1.03662
1.01562
1.00265
0.987295
0.985876
1.07052
1.04071
1.01564
1.0233
1.02258
0.935547
1.01262
1.01576
1.04529
1.04925
0.98331
1.03917
0.996337
0.967703
1.0093
0.976976
1.01886
1.02767
0.925188
1.01521
1.03304
0.998819
1.0339
1.01014
1.06516
1.07978
1.02054
1.02342
0.983159
0.994145
1.05436
1.01144
1.01295
1.02033
1.01395
1.02623
0.981605
0.973084
0.961914
0.965751
1.00855
0.975809
0.970538
1.02008
0.974591
1.00478
1.00879
1.03038
0.989617
1.02429
1.02289
1.03086
0.99847
1.03252
1.00832
0.986251
0.989809
1.01985
1.08696
0.998701
1.03648
0.993489
0.961701
1.02238
1.0086
1.11278
0.983658
1.02849
0.973861
0.967291
0.975947
1.00885
1.02453
1.00854
0.966001
1.03299
0.932249
1.05145
1.00937
1.02491
0.989772
0.986607
1.01775
1.02674
1.00537
0.943845
1.08221
1.03899
0.977181
1.02353
1.02475
1.09765
1.01635
1.04753
1.02221
1.0407
1.01967
1.00389
0.994266
1.03141
1.02049
1.04676
0.973898
0.95423
0.959088
0.952919
0.986034
1.04971
0.955712
1.00383
1.02015
1.00573
1.03278
0.988804
1.01834
0.976093
0.964016
0.939529
1.01987
1.0228
1.04682
1.03649
1.01433
1.00094
0.991123
1.01355
1.0362
1.05352
1.07411
0.993837
0.997511
0.974879
0.929358
1.0378
1.03228
0.99983
1.03753
1.01068
1.05834
1.01032
1.05401
0.965778
1.01809
0.987954
1.01542
0.971276
0.987459
1.03002
0.999715
0.926681
1.04751
1.01325
1.00788
1.07512
1.00754
1.06681
1.00375
1.02674
0.997223
1.01378
1.04006
1.0026
1.01746
1.01479
0.946193
1.03819
1.03443
1.02045
1.03358
1.03716
0.971445
1.01572
0.965125
1.05001
0.95949
0.984234
1.00711
1.0129
0.967355
1.03026
1.0528
0.996833
1.03629
0.959562
1.02119
1.05603
0.977482
0.949152
0.992314
0.984598
1.02664
1.03625
0.989319
1.03351
1.01213
1.04461
1.04433
1.02722
0.974042
1.05208
0.98774
0.957658
0.930509
0.992818
1.00881
1.02166
0.975507
1.01042
0.972712
0.924188
1.01107
0.977424
0.975774
0.965524
0.969917
0.922831
0.97285
0.990363
0.953653
0.954706
1.02836
0.930997
0.983191
0.992423
0.970461
0.99044
0.966376
1.04701
1.02374
1.00434
1.04757
1.0015
1.0453
1.02292
1.0225
1.01303
1.04838
1.0278
1.06291
1.02052
0.96857
1.05484
1.04361
1.04951
0.954368
0.938094
1.00767
1.04892
0.974037
1.0337
0.986102
0.942113
1.03988
1.06993
0.998248
1.02433
1.0185
0.999499
1.03471
0.95588
0.963032
0.998266
1.02571
0.990045
0.971225
1.02908
1.02177
0.987814
0.988126
0.982173
0.952391
0.988197
1.02719
0.964821
0.984487
0.950955
0.994717
0.969725
1.00198
0.985037
1.07487
1.00819
1.04224
0.982919
1.02704
0.995362
1.04727
1.00527
1.06348
1.01669
1.00614
0.988862
1.03164
0.986993
0.950109
1.02659
1.08106
0.987714
1.00188
1.01292
1.00166
1.02698
0.955401
0.968511
0.999977
0.976985
1.07172
0.990509
0.986853
1.03226
0.940312
0.989931
0.995181
1.01893
0.96381
1.01451
0.972443
0.983531
0.988192
1.00006
0.961479
1.05075
0.948969
0.924342
1.00654
0.991376
1.06788
1.01554
1.04016
1.03851
1.08268
0.941346
0.930506
0.956927
1.02123
1.00577
0.957818
1.01411
0.995411
1.01534
1.01303
0.989556
1.01509
1.01424
0.954441
0.919042
0.997461
0.967887
1.02312
0.982063
1.02844
0.933931
1.00813
0.972691
1.01241
0.998464
1.03764
0.973095
1.03397
0.954401
0.957369
0.965505
1.02052
1.01194
1.01108
1.02334
0.979942
0.981109
1.00612
1.02041
0.994348
1.02663
1.01714
0.985508
0.975953
1.02693
0.940837
0.959975
1.04353
1.05932
0.955541
0.988954
1.04294
1.02049
0.966087
1.0144
1.02577
1.0324
1.00824
1.04373
1.01684
1.00486
0.998633
1.0036
0.942282
1.00964
1.04099
0.964192
1.09234
1.02034
0.939061
1.01816
0.972186
0.994182
1.04161
0.976208
1.05537
1.05714
0.981104
0.98232
0.914226
0.946655
1.01777
0.956442
0.907596
0.99314
1.04138
0.971519
0.942158
0.999432
1.00721
1.05335
1.08555
0.993985
1.00691
1.08582
0.991892
1.00214
0.974745
1.09515
1.07056
0.979537
0.972497
1.05546
0.926577
1.02826
1.02768
0.993091
1.01681
1.016
1.01565
1.0164
1.1188
0.989937
1.0016
0.973187
1.01222
0.999885
0.964355
0.954049
1.10166
0.995418
0.974641
0.951479
0.930183
1.04006
1.03242
0.991629
0.997972
0.962973
1.03561
0.980821
1.00396
1.04954
1.00243
1.01078
1.05605
1.01606
1.02155
1.05352
1.03917
0.953333
0.982159
0.97498
1.02713
1.00637
1.02568
1.03788
0.998873
1.02396
0.996396
1.03595
0.972266
1.04608
1.08366
0.991899
0.937123
0.972067
0.996774
0.939003
1.03041
1.02941
1.02437
0.992756
1.02126
1.03662
1.01562
1.00265
0.987295
0.985876
1.07052
1.04071
1.01564
1.0233
1.02258
0.935547
1.01262
1.01576
1.04529
1.04925
0.98331
1.03917
0.996337
0.967703
1.0093
0.976976
1.01886
1.02767
0.925188
1.01521
1.03304
0.998819
1.0339
1.01014
1.06516
1.07978
1.02054
1.02342
0.983159
0.994145
1.05436
1.01144
1.01295
1.02033
1.01395
1.02623
0.981605
0.973084
0.961914
0.965751
1.00855
0.975809
0.970538
1.02008
0.974591
1.00478
1.00879
1.03038
0.989617
1.02429
1.02289
1.03086
0.99847
1.03252
1.00832
0.986251
0.989809
1.01985
1.08696
0.998701
1.03648
0.993489
0.961701
1.02238
1.0086
1.11278
0.983658
1.02849
0.973861
0.967291
0.975947
1.00885
1.02453
1.00854
0.966001
1.03299
0.932249
1.05145
1.00937
1.02491
0.989772
0.986607
1.01775
1.02674
1.00537
0.943845
1.08221
1.03899
0.977181
1.02353
1.02475
1.09765
1.01635
1.04753
1.02221
1.0407
1.01967
1.00389
0.994266
1.03141
1.02049
1.04676
0.973898
0.95423
0.959088
0.952919
0.986034
1.04971
0.955712
1.00383
1.02015
1.00573
1.03278
0.988804
1.01834
0.976093
0.964016
0.939529
1.01987
1.0228
1.04682
1.03649
1.01433
1.00094
0.991123
1.01355
1.0362
1.05352
1.07411
0.993837
0.997511
0.974879
0.929358
1.0378
1.03228
0.99983
1.03753
1.01068
1.05834
1.01032
1.05401
0.965778
1.01809
0.987954
1.01542
0.971276
0.987459
1.03002
0.999715
0.926681
1.04751
1.01325
1.00788
1.07512
1.00754
1.06681
1.00375
1.02674
0.997223
1.01378
1.04006
1.0026
1.01746
1.01479
0.946193
1.03819
1.03443
1.02045
1.03358
1.03716
0.971445
1.01572
0.965125
1.05001
0.95949
0.984234
1.00711
1.0129
0.967355
1.03026
1.0528
0.996833
1.03629
0.959562
1.02119
1.05603
0.977482
0.949152
0.992314
0.984598
1.02664
1.03625
