0.983345
1.02657
0.995237
1.01225
1.05177
1.01173
0.997107
1.00068
1.02241
1.00156
0.978195
1.0104
0.996453
0.997849
0.99346
1.00528
0.995842
0.947568
1.01389
0.992786
0.980338
0.964084
0.969347
0.967224
1.00207
1.00739
0.976936
0.986635
0.999885
0.952756
0.993882
0.979988
0.969122
1.05389
0.98701
1.00165
0.995863
1.0151
1.01699
1.03466
1.03375
1.03781
1.02456
1.00651
1.02822
0.993177
1.02533
0.982354
0.978798
1.04964
1.02063
1.04457
0.975914
0.958739
1.03372
1.02844
1.00467
1.01699
0.996579
0.958763
1.01407
1.02275
0.996063
1.01056
0.985647
0.99313
1.02923
0.965905
0.961455
1.01472
1.03213
0.987114
0.973302
1.01208
1.00874
1.00577
0.979356
1.02954
0.955432
1.02685
1.02277
0.982993
0.963368
0.982441
0.995878
1.02061
0.99283
1.00223
1.00523
0.987902
1.00726
0.972539
1.00592
0.99914
1.00394
0.953045
1.02586
1.04365
1.01
1.00894
1.01747
0.976059
1.02432
1.01652
1.02311
0.966086
0.984669
0.997532
0.984101
0.9947
0.992713
0.962768
1.00324
1.00099
1.05667
0.991703
1.014
1.00141
0.963553
0.958164
1.00428
1.00727
0.999733
1.02874
0.97571
0.985547
0.990342
1.00206
0.980049
1.01203
0.973025
0.959915
1.01693
1.00937
1.0433
1.0107
0.991297
1.01172
1.01608
0.935206
0.954575
0.992156
1.03117
0.999101
0.982542
0.997108
0.988314
1.01637
0.998814
0.989358
1.0025
0.963399
0.960165
0.966211
0.994723
0.977475
1.01879
0.943266
0.998578
0.956866
0.985591
0.98387
1.00689
0.988772
1.01531
0.982389
1.0144
0.977744
1.01407
0.982388
0.996184
1.02527
1.00895
1.03279
0.97882
0.996942
1.02755
1.00495
0.983078
1.00465
0.978108
1.01537
0.976945
1.00668
0.990047
0.94445
1.04266
1.04416
0.982907
1.00795
1.01023
1.00892
1.00691
1.02822
1.00669
1.02569
0.996486
1.00817
1.0171
1.01906
0.991565
1.00979
0.989939
0.998776
1.03333
0.980633
1.03507
1.02277
0.957478
0.98455
0.978956
0.984594
1.01552
0.959263
1.0274
1.02831
0.974961
0.991007
0.965342
0.996124
1.00535
0.930779
0.932572
1.00294
1.0311
0.985529
0.957836
1.02976
0.977395
1.05106
1.03394
1.02149
1.01233
1.04625
0.998822
0.986466
0.95146
1.03469
1.04324
0.984786
0.996178
0.996675
0.941411
1.05571
1.02639
0.983169
0.994612
1.01475
1.0143
1.00086
1.05555
0.986932
1.00541
0.994471
0.99475
1.01529
0.971345
1.01262
1.05622
1.00417
1.00643
0.993454
0.977814
1.03384
1.01414
0.982541
0.991795
0.980984
1.01722
0.991445
0.997414
1.00334
0.983573
0.996846
1.00545
0.993338
1.0093
1.04673
1.02504
0.991905
0.976809
0.984707
1.00072
1.00698
1.0175
1.01739
1.03748
0.981491
0.985792
1.01676
1.00124
1.01894
1.03718
1.01238
0.969333
0.991541
0.979911
0.937952
1.0022
1.00998
1.01183
0.962243
1.05157
1.01233
0.986457
0.987979
1.01091
0.978267
1.04397
1.02846
1.01493
1.0089
1.01484
0.993329
0.993741
0.981872
1.01613
1.08394
1.01083
0.986519
1.01021
0.96357
1.04514
0.979967
1.01688
0.990673
0.94817
1.01312
1.02247
1.00089
1.018
0.963477
1.02491
1.06104
1.01478
0.979437
0.979026
1.00396
1.0684
1.02024
1.01016
1.00012
0.992765
1.02328
1.0101
1.01955
0.99404
1.00022
1.00824
0.983136
0.968428
1.01858
0.972808
1.01631
0.97751
0.988556
0.992936
1.00514
1.02306
1.04669
0.986093
1.01573
0.976716
1.00286
0.988627
0.989453
1.03285
0.974369
0.994526
1.04317
1.02557
1.02614
1.01381
1.02817
1.01291
1.02826
1.01428
0.994294
0.985914
0.988499
1.02767
1.02908
0.985715
1.00222
0.967702
0.996677
1.00852
1.00431
1.02518
0.95819
1.04437
1.02144
0.977155
1.00219
1.00232
1.03257
1.00805
1.05308
0.989664
1.01949
0.986096
1.05996
1.03375
1.03827
1.00643
0.998067
0.96123
1.0296
1.0189
1.0426
0.976661
0.955153
0.998565
0.964253
0.987614
1.01675
0.967631
1.0115
1.02583
0.990835
1.03371
0.985185
1.00892
0.999767
0.952231
0.987461
0.978779
1.00517
1.02905
1.00381
1.01774
0.990339
0.969124
1.02413
1.02738
1.01704
1.02949
0.995941
1.00076
1.00592
0.933447
1.04475
1.00961
0.986225
1.01088
0.994046
1.02532
1.0224
1.02804
1.01443
0.990576
0.98951
1.04602
1.00473
0.9795
1.0219
0.995859
0.975432
1.03821
1.00672
0.999566
1.03244
0.985338
1.0411
0.992293
1.00374
0.9735
1.03041
1.02985
0.966676
1.01566
0.967549
0.999046
1.02246
1.01942
1.02513
1.01115
1.0485
0.996935
1.01191
0.990869
1.02777
0.971885
1.0013
0.980907
1.0028
1.00648
0.9976
1.03428
0.988741
1.00296
0.971429
0.995115
1.03996
0.96456
1.00619
0.964719
0.964469
1.01279
0.995762
1.00239
1.02498
0.989554
1.00255
1.01488
1.0123
1.01321
1.02362
1.03127
1.04852
1.00852
0.984176
0.968928
1.00488
0.972031
1.01928
0.968243
1.00274
1.04438
1.01601
0.987463
0.987593
0.993043
0.995394
1.0003
1.0057
0.993676
1.0212
1.02821
1.01727
1.01272
1.04019
1.01641
0.966641
1.00995
1.00971
1.00138
0.981589
1.01772
1.02693
1.00187
1.00974
1.01197
0.943499
0.981347
1.00836
1.03978
1.04224
0.95963
0.966559
0.974742
0.987587
1.01702
0.940313
0.969141
0.931177
1.01393
0.998967
1.06253
1.00517
0.995768
1.02355
0.996731
1.02742
1.02013
0.997694
1.00278
0.98882
0.992775
1.03155
1.01244
1.00911
1.02235
1.01273
0.970212
1.00165
0.992459
0.990743
1.0096
0.963331
1.01512
1.01329
1.02448
1.0052
1.02708
1.00985
0.989834
0.950682
0.967415
1.01492
1.02054
0.993652
0.989738
1.01251
0.965833
1.03801
1.02679
0.975652
1.00585
1.01757
0.996126
1.01124
1.01668
0.981287
1.04342
1.01374
0.984806
0.986183
1.02668
1.02212
1.0158
1.00848
1.0014
0.992472
1.00422
1.06146
1.01131
0.997863
1.0108
1.04025
1.02955
0.971029
1.00867
0.996641
1.02556
0.9632
0.96959
0.984754
1.03474
0.990226
1.02575
1.0098
0.998042
0.991475
1.00455
1.03178
0.975333
0.996751
1.0288
0.986134
0.990964
0.969886
0.958612
0.983238
0.967926
0.989799
1.01073
1.02023
1.03331
1.01783
0.996544
1.01489
0.98203
1.01546
0.983022
0.943883
1.00774
0.980968
1.00503
1.01647
1.00319
1.02514
0.968381
1.02242
1.00824
1.01166
1.01824
1.04658
1.01997
0.985558
1.04787
1.01825
0.989253
0.984764
1.0148
1.03157
1.02406
0.979532
1.03244
1.03926
1.00532
0.994651
0.97845
0.978773
0.968211
1.02882
0.955351
1.02241
1.04743
1.00327
0.9822
1.01455
0.984658
1.03602
1.03486
0.998911
1.01494
0.955135
0.969974
0.979651
0.998347
1.00764
1.01593
0.998881
0.960819
1.03429
0.983523
0.981664
0.955492
1.02089
1.01103
0.993387
0.959816
0.988767
0.971599
1.03208
0.954754
0.987229
1.02489
1.01525
1.02276
1.01743
1.03965
1.02063
1.02029
0.97033
0.997747
1.00254
1.03406
1.00993
0.993905
1.0254
0.995947
0.994413
1.02782
1.01914
1.0295
0.941088
0.969695
0.961095
1.01947
0.949299
1.01473
0.962961
1.01486
0.966642
0.99522
0.995159
0.995561
1.00103
0.979291
0.991971
1.00215
0.974399
0.978877
1.0155
1.02417
0.990078
0.996456
1.05851
1.01994
1.01846
0.981918
1.02025
0.973428
0.962235
0.98253
0.969723
0.99141
1.02329
0.999527
0.975483
1.01013
0.970107
0.997659
1.00009
1.00547
0.996882
0.942444
1.00451
0.995649
0.995645
0.965046
1.04803
1.01401
1.00552
0.950135
1.00795
1.00511
1.04302
1.00685
0.977145
0.993192
0.921235
0.988876
1.00922
1.03056
1.0104
1.02409
0.994272
1.00093
1.00041
1.04281
1.05834
0.981484
0.962961
0.988134
1.03042
1.00468
0.973206
1.00406
1.00452
1.03327
1.01735
0.982244
1.00508
0.988601
1.03477
1.02796
1.04979
0.975075
1.01009
0.999824
1.00724
0.958637
0.957012
1.00004
1.0072
0.969172
1.05251
0.989862
1.07097
1.00704
1.02441
1.02083
1.00734
0.99259
0.99612
0.964115
0.999398
1.00385
1.01358
1.01882
0.959815
0.978659
0.988217
1.00704
0.994358
0.969303
0.997071
0.982975
0.998306
0.951286
1.01063
0.976474
0.983534
1.02251
1.02197
0.955891
1.0355
1.00104
1.01226
1.00072
1.01383
1.02235
1.0147
1.03429
1.03154
0.994267
1.03414
1.04667
1.00062
1.01936
1.01225
0.999723
1.00468
1.01171
0.96285
0.996077
1.02853
1.00344
0.945784
0.994827
1.03209
1.01553
1.01724
1.02426
0.997476
1.03083
0.98242
1.00171
0.973512
0.977276
1.00579
0.994995
1.06519
0.982647
0.987738
0.946922
1.01457
1.03609
1.05415
0.987972
0.994266
0.998844
0.993355
0.963495
1.00619
1.0152
1.01491
0.969738
1.01501
0.947669
1.02906
1.00316
0.977948
1.00062
0.995068
0.970775
0.955157
0.963669
1.02198
1.00511
0.9503
1.02368
1.02214
1.03891
0.963304
0.970562
0.995527
1.02658
0.98321
1.00049
0.963468
0.979012
0.960979
1.01993
1.02132
0.968003
1.01003
1.02239
1.01228
1.05349
0.968857
1.00543
1.00421
1.02398
0.975895
0.981482
1.0489
0.960401
1.01618
1.00403
1.03442
1.01709
1.00896
0.978546
1.0107
1.01978
0.990224
1.0129
1.042
1.02368
0.964719
0.995109
0.993573
0.975769
0.963431
1.0402
1.00846
0.97688
1.06164
0.942459
1.03548
0.994373
0.97568
0.96251
1.03265
0.969994
1.02009
0.973751
1.00665
0.985371
0.982596
1.03234
1.00501
1.0079
0.982857
0.969141
1.00752
0.996802
0.982347
0.997189
0.999448
1.04136
1.01094
0.999689
1.03428
0.994792
1.0491
1.00674
1.04833
0.99576
0.966676
0.993243
1.01378
0.967641
0.964706
0.982187
0.993851
0.962069
1.00913
1.02441
0.959094
0.966488
0.995086
1.03773
1.0117
0.998025
0.996797
0.994018
0.982973
0.981205
0.952629
1.01789
1.01406
1.03199
0.955518
1.0103
0.993524
1.00548
1.01245
1.00756
1.01387
0.996184
1.0316
0.963772
0.987511
1.03104
0.994154
0.968976
1.01269
0.965557
1.00082
1.01133
1.05673
1.0257
1.01694
0.970025
0.990757
1.02777
1.0174
0.99161
1.00622
1.00516
0.960392
0.982253
0.958285
0.99882
1.012
0.993128
0.98395
1.01821
0.954693
1.00088
0.994105
1.00634
1.01201
1.01115
0.958902
0.98071
1.00277
1.01657
0.969625
0.978142
1.02363
1.01732
1.00504
1.01116
0.941318
1.02595
1.00135
0.981167
1.01259
0.976712
0.998821
0.96584
1.00954
1.0156
1.00535
1.02511
1.005
0.962149
1.01272
1.03729
0.985817
0.995414
1.00753
0.984116
1.00919
0.956941
0.982626
1.0477
0.987125
1.01789
0.989802
0.964612
0.973482
1.04959
0.986786
1.00207
1.04495
0.973287
1.04408
1.01169
1.01594
0.953872
0.994268
0.983595
0.938148
0.962294
1.01879
1.00224
1.02303
1.00086
0.988566
0.949047
0.97156
1.02481
1.00107
0.983832
0.993579
1.01295
0.995337
1.00173
1.04619
0.987989
1.02032
0.970333
0.99676
1.00175
0.961678
1.00188
1.03922
1.00568
0.992153
0.912922
0.992223
0.954128
0.991374
0.983172
1.04816
1.01496
0.969705
0.976865
1.02235
0.985811
0.966148
1.00822
1.0032
1.02059
1.00268
0.993778
1.02113
1.0143
1.00389
0.996912
1.04158
0.993882
0.987759
0.97669
0.990339
0.997485
0.991644
0.958871
0.982835
0.979727
0.99718
0.990829
0.979693
0.980948
1.03919
0.985317
1.02063
0.990948
1.00824
0.998439
0.96195
0.99221
1.03659
1.05113
0.999599
1.04714
0.964878
0.971077
1.00596
0.993865
1.00673
0.937738
1.00573
0.993083
1.01992
0.97762
1.00926
0.990986
0.971938
0.996582
0.980236
1.00793
0.958098
1.01531
0.967661
0.998777
0.971483
0.939025
0.965536
1.04594
1.01924
1.00835
1.00226
0.991035
1.03615
0.994361
0.974771
1.01427
1.00917
1.07585
0.98355
0.992285
1.03868
1.01335
0.978189
0.984228
0.992826
1.03635
1.03323
1.00172
1.0433
0.976897
1.01361
1.0082
0.992504
0.994956
1.014
0.999944
0.994174
1.03037
0.946128
1.04597
1.00412
0.983666
0.941941
0.953906
0.985059
0.965777
1.02317
1.05007
1.01842
1.02195
0.99562
1.02639
0.983558
1.03352
0.989549
1.02157
1.03404
1.02206
1.01819
1.01254
0.969485
0.97197
1.04507
1.04137
1.03004
0.973935
0.963079
0.971977
0.984367
0.997827
0.996076
1.02781
1.02277
0.975149
1.00891
1.0085
0.970493
0.998758
1.00996
0.983089
1.02842
0.981682
1.00345
0.958524
0.996907
1.02013
0.992413
1.0069
1.00363
1.01087
1.02355
0.970189
0.996589
0.978154
1.03802
1.00784
1.00782
1.00245
1.01176
0.985934
0.984885
1.02223
1.01316
1.04424
1.03632
0.965165
0.988637
1.02143
1.00194
0.999189
1.00943
0.976992
0.964384
0.9986
0.987794
0.995431
1.02804
1.01919
1.02883
1.04026
1.03038
0.980575
0.994702
0.986615
0.975182
0.966277
0.979412
1.05005
1.02588
0.93893
0.983847
0.98153
1.00154
0.980143
0.992002
0.997273
0.967904
0.969753
1.02434
1.02214
0.984948
1.00191
0.974856
0.989135
0.99661
0.994026
1.00005
0.997765
0.970196
0.998657
0.997775
1.011
0.939514
1.00335
0.987481
0.969909
0.99643
1.00923
0.95935
0.977893
1.01793
1.01816
1.0274
1.04418
0.983749
1.01717
1.01241
1.02256
0.970484
0.955706
0.995606
1.0389
1.02149
0.969035
0.989659
0.987482
0.995923
1.04265
1.00266
0.989427
1.00081
1.00791
0.953672
1.02031
0.942876
0.968142
1.04163
0.991165
0.979529
1.01446
1.01777
1.01937
1.05824
1.00916
1.03188
1.01337
0.998101
0.970484
0.986325
0.99345
0.995954
0.975874
0.992824
1.00769
0.96033
1.04102
1.02939
1.02078
1.03611
1.06342
0.961202
0.973736
1.00027
0.987815
0.984649
1.01192
1.02356
1.0035
1.00314
1.02089
0.959482
1.02383
1.0123
1.07711
0.987479
0.9981
1.00883
1.00228
0.99929
0.973915
1.01699
1.00604
1.02691
1.01033
0.998309
0.986418
1.03087
1.0257
0.925383
1.03142
0.994782
1.02675
1.02445
0.973441
0.992805
1.04575
1.00219
0.973593
1.00745
0.97774
1.0233
1.00486
1.00055
0.991854
1.02749
0.970056
0.983366
0.992573
0.965671
0.988362
0.99466
1.03858
0.987415
1.00825
0.984938
1.02335
1.02205
0.969169
0.981269
1.04036
1.03483
0.980671
1.00849
1.04784
1.01356
1.04236
0.968796
1.01976
1.0045
0.996425
0.984744
0.94294
1.02077
0.963214
1.04691
1.01815
0.985192
1.01563
1.05841
1.01431
0.998788
1.01658
0.96743
1.00085
0.992068
0.970815
1.00365
1.02203
0.975805
1.00598
1.01459
0.992818
0.980921
1.05295
0.99456
0.991025
0.98304
1.01523
1.01919
1.0214
0.983891
1.00828
0.938976
1.00572
1.01159
0.995777
1.03956
0.998093
1.02468
0.980108
0.950655
0.9832
0.998176
1.02687
1.00726
0.976475
0.970691
0.976093
0.99522
1.01386
0.981305
1.00008
0.96672
0.984544
1.01003
1.01665
0.981156
0.999246
0.995658
0.945527
0.958295
1.03095
1.01244
0.990045
1.01532
0.95096
0.986972
0.999958
0.992494
0.987019
0.997427
0.963945
0.968917
1.00236
0.959773
1.02742
1.00579
1.02256
1.01526
1.04173
0.947117
1.00523
1.02356
0.999383
0.967845
0.989323
1.02301
0.960723
0.986277
1.029
1.0376
1.01557
1.01117
0.994812
1.01819
0.989561
1.00322
0.962958
0.997838
1.04566
1.03497
0.962883
1.02381
0.98203
0.987648
1.01595
1.03519
1.04064
1.00248
1.01876
0.972736
1.01033
1.03748
1.00913
1.02579
0.964226
1.01758
1.00566
1.0221
1.01353
0.981459
1.02267
0.999631
1.00027
0.997832
1.04306
1.00536
0.999617
0.96643
1.02279
0.987376
1.01088
0.969062
1.00256
0.994098
1.00003
1.02971
1.03805
1.00371
1.01954
1.01199
1.00706
1.00252
0.99711
0.995702
1.00435
1.04485
1.00573
1.02081
0.998728
0.978568
1.00713
0.983189
1.01754
1.058
1.02218
0.966657
1.00826
0.968531
1.02372
0.994935
1.01812
1.00483
1.00751
0.98508
1.04978
0.968202
1.02696
1.02157
0.981832
1.01274
1.0239
0.980922
0.967779
0.994757
0.960532
0.990977
0.964906
0.967258
1.01095
1.02155
0.999483
1.04506
0.998673
0.991538
1.0276
0.994939
0.992912
0.960599
0.990504
0.989302
0.958151
0.963726
1.01989
0.968196
1.00074
0.994275
1.01184
0.938934
1.01066
0.984852
1.01348
1.00901
1.05503
0.984757
0.959801
1.01327
0.941281
1.00487
0.975903
1.01919
0.989804
1.00447
0.975235
0.968126
1.03025
0.970944
1.00533
0.974167
0.979002
0.966181
1.0128
0.983018
0.974302
0.990151
1.03011
1.03211
1.00049
0.999811
1.00979
0.988341
0.990542
1.0193
1.01227
0.992281
1.02073
1.00048
0.979847
1.02793
0.942857
0.947941
1.01064
0.946753
0.990173
1.01067
0.997488
1.02441
1.01023
0.986949
0.955216
1.00105
1.01958
1.03034
0.979218
0.991099
1.01
1.01046
1.01775
0.981241
0.969637
1.03326
0.977635
1.03542
1.01919
1.05588
1.01617
1.00781
1.00538
1.02307
1.03624
0.994939
1.02452
1.01363
1.01072
1.00648
1.01391
1.00551
0.967565
1.02018
0.961047
0.987191
1.02616
0.998258
0.979954
0.996348
0.987075
0.955123
1.00154
0.987379
1.07146
1.03487
1.02062
1.04323
1.00833
0.972369
0.982736
0.96629
0.998179
0.986319
1.02307
1.0127
0.982667
0.985074
1.00618
1.00905
1.01438
1.00585
1.00032
1.02258
0.958316
0.984589
0.963072
0.970475
0.958641
1.03881
1.02536
1.00809
0.98959
0.970268
1.00823
0.968284
1.02123
1.01739
1.00789
0.966423
1.0112
1.00176
1.02185
1.05011
1.00702
0.982068
1.00024
0.99683
1.0022
1.01928
0.976706
1.04249
1.00385
1.04639
0.96597
0.964575
1.00471
1.01216
1.01868
0.994568
1.00038
1.00624
0.999438
1.02833
1.00449
0.982451
0.964565
0.963918
1.02895
1.01972
0.996266
0.979401
0.993375
0.981341
1.001
1.013
1.04971
1.00368
1.0002
0.982259
0.991528
0.991992
1.01213
0.993497
1.00464
1.00043
0.980957
0.992957
1.0243
0.997375
0.977957
1.03683
1.00309
0.962751
0.970606
1.04128
1.00592
1.02222
1.00353
0.993475
0.972013
1.02021
0.983343
0.983397
0.993829
0.989551
1.03144
0.946355
1.02415
0.995082
1.02207
1.01714
1.01567
1.02523
1.00607
1.0045
0.965482
1.02092
1.00995
1.01546
0.969417
0.998727
0.983504
0.979763
1.01768
1.05239
1.02826
1.01309
1.00614
1.00878
1.02485
1.01995
0.99559
1.01913
0.998389
1.00188
0.958195
0.95345
0.978937
1.0055
0.99428
1.01095
1.00695
1.02599
0.985987
1.04605
1.03086
1.00465
0.95853
0.997914
0.98893
1.00606
1.01902
1.0043
1.00024
1.01348
1.00778
1.00745
1.00705
0.986554
0.988704
1.04224
1.03773
1.00081
0.988395
0.971401
0.989644
0.991687
1.00928
1.01479
0.987692
0.981831
1.01328
1.02054
0.986231
1.02498
1.02333
1.00383
1.01633
1.05551
1.01603
1.01247
1.00027
0.974346
0.976558
1.00671
1.02341
1.02403
0.974881
1.02889
0.981451
1.0478
1.02381
1.05083
1.00734
0.940855
1.00331
0.988889
0.961294
1.00796
0.986656
0.973994
1.0045
0.952607
0.97743
1.00846
0.994106
1.01962
1.00944
1.02982
0.973314
1.00882
0.993922
0.994274
0.974961
1.00291
1.00141
1.01366
0.962067
1.00702
1.02892
1.00393
1.01927
0.992981
0.991236
1.00927
0.994193
1.00777
0.998806
0.954751
0.990634
1.00871
1.01236
0.957549
1.05567
0.955445
0.971142
1.03167
1.06086
0.980884
1.00919
1.03032
1.02012
0.99974
1.00608
1.0043
0.971192
0.980771
0.996608
0.978366
1.0552
1.02218
0.97201
1.00669
1.00172
1.00072
1.03873
0.991106
1.01133
1.02471
0.974934
1.01068
1.01463
0.999714
1.02094
0.996464
0.973863
0.977547
1.0098
1.01171
0.992297
0.979522
1.00748
0.986496
0.987506
1.02411
1.00604
1.01532
1.03982
1.01659
0.98076
1.03743
1.00006
1.00875
1.00569
1.02853
1.01846
0.984412
0.966512
0.993799
1.02557
0.964306
1.00717
1.01471
1.01198
0.992962
0.995218
0.971213
0.999678
0.95559
1.01996
1.00609
1.00118
1.02253
0.996065
1.0133
1.00811
0.99046
0.964336
0.998559
1.00016
0.992912
0.994905
1.04298
1.00282
1.02895
1.00401
1.00166
0.969416
1.02973
1.02201
1.02068
1.0128
0.974982
0.992669
0.984751
0.98018
1.02332
0.986052
0.950269
1.02716
1.00854
0.99352
1.01978
0.985469
0.968488
0.985316
1.00923
0.992353
1.01483
1.00403
0.951596
1.00603
1.01464
0.966855
0.98768
1.00509
0.968634
0.967573
1.00432
0.996016
1.05057
0.999437
0.991894
1.02361
0.999235
0.99104
0.986758
0.974157
1.00247
0.990501
0.982104
0.988797
0.953462
1.05247
1.05177
1.00182
0.997034
1.00598
0.982983
1.00901
1.0119
1.02893
1.00129
0.98669
0.992928
1.03108
0.975503
0.964066
0.971277
1.00195
1.01425
1.02716
1.02279
0.930911
1.00389
0.970534
1.01346
0.957801
0.988674
1.00063
0.941185
0.981964
0.980363
1.02007
1.01283
0.995062
1.03122
0.994381
0.96867
0.99142
0.98465
0.971815
0.996297
0.946147
1.03746
1.01718
1.02675
1.02791
1.00896
1.01846
0.976905
0.966036
0.959212
0.94646
0.984677
0.978836
0.994251
1.02791
1.03665
0.956411
0.979559
1.03929
1.0142
0.989204
0.995329
1.02668
0.982482
1.03352
1.02158
1.02887
1.03846
0.998466
0.95271
0.977346
1.01639
0.993245
1.01793
0.996284
0.99236
1.02249
1.04261
0.975465
0.99055
1.00721
0.968314
0.996188
1.02189
0.948094
0.969441
0.997537
0.957198
1.0144
0.984396
0.987947
0.947779
1.00458
1.03654
1.006
1.00785
0.957207
1.01819
0.954966
0.959471
0.985408
1.0033
0.979545
0.977753
0.983662
0.985914
1.00127
1.00349
0.995044
1.0185
0.984168
0.962244
1.01403
0.98705
1.00547
1.01528
0.936698
1.00087
0.997041
0.994516
1.00453
1.01716
1.02654
1.02007
1.03025
0.948959
0.991473
0.963384
1.01625
0.973558
1.00782
1.0138
1.02408
0.976222
1.00799
0.995904
1.03554
0.961949
1.01414
0.991563
1.00984
1.01617
0.978369
1.02434
0.97838
0.975457
0.981763
0.975946
0.9776
1.00307
1.00086
1.04012
1.0141
1.00617
1.01892
1.01374
0.960432
0.990148
0.935716
0.961608
0.990947
1.06399
1.0012
0.99267
0.975791
0.969145
1.01106
1.05432
0.984432
1.01471
0.992258
0.97533
0.97252
0.967202
0.990661
0.986447
1.00991
0.931899
1.01434
1.0173
1.03579
0.993868
0.981006
1.01005
0.990123
1.02158
0.97122
1.00943
1.0191
0.977579
1.03703
1.01472
1.00632
1.00894
0.983826
1.03109
1.01436
1.00837
1.0321
0.99439
1.0221
0.984672
1.04743
0.963225
1.00198
0.954024
1.06831
1.04048
0.973817
0.976452
0.960305
0.997067
1.00455
0.978091
1.00923
0.994393
0.992756
0.975645
0.987743
0.957413
0.949031
1.03262
1.02899
1.03033
0.981008
0.982189
0.956961
0.988152
0.993034
1.03414
1.01438
1.01317
1.0067
0.978153
1.00234
1.01523
0.957816
1.00195
0.986445
0.993077
1.00004
0.992918
0.97417
0.958286
1.02544
1.04234
0.972253
1.02953
1.00062
0.981684
0.996782
0.984822
1.0091
0.999798
0.968076
1.00931
1.04056
0.981161
0.99287
1.04248
1.03007
1.03972
1.03229
1.02765
0.967671
1.0269
0.958827
0.947949
1.01076
1.02353
1.02124
1.01736
0.982615
1.01659
0.964833
0.973809
1.02205
0.999442
1.00997
1.02346
0.959004
1.02919
1.02852
0.983978
0.969246
0.945877
1.01458
0.959486
0.997518
0.99334
1.04138
1.02215
0.993924
1.00029
0.982111
0.928287
0.995203
1.0017
0.967519
0.994271
0.998902
0.975891
0.983506
1.00282
1.02055
0.977579
1.0237
1.02278
0.99426
1.01463
1.00431
1.05794
1.00081
1.01321
0.971874
0.982183
0.992698
1.01459
0.984191
0.986914
1.02301
0.99944
1.02042
1.0194
0.982208
0.98428
1.02067
1.01781
1.0649
1.00489
1.02594
1.04214
1.0007
1.01843
1.0043
1.02127
1.02755
1.02618
1.01497
1.03547
0.99884
0.93707
1.00711
0.982914
1.02693
0.96039
1.04445
0.988176
1.01444
1.01734
0.977526
0.950164
0.994788
1.02132
1.03373
0.958347
0.974891
1.00646
1.03712
0.967059
0.985936
0.949509
1.01187
0.97144
1.01968
1.01232
1.02274
1.00234
1.03272
0.978638
0.986944
0.987361
1.01147
0.986264
1.02877
1.00282
0.979919
1.00846
0.963157
0.972964
0.994829
1.02539
1.06638
1.0466
1.01669
0.982272
0.988418
1.00533
1.00802
0.988934
0.977332
1.02361
1.03235
1.01255
1.05869
0.99628
1.02328
0.988054
1.01794
1.03979
1.00133
1.02019
0.982721
0.986476
0.984206
0.975961
1.01794
1.01477
1.04018
0.998086
1.00201
0.966433
0.991821
0.999229
1.02698
0.990074
0.963345
1.008
0.989343
0.970181
0.985563
0.978514
1.0228
0.987959
1.04521
0.972884
0.966354
1.01368
1.00829
0.960865
0.975266
0.959631
0.965273
0.960503
1.04099
0.993267
0.990238
1.01022
0.96224
0.961222
0.947148
1.02013
1.00035
0.989046
0.982036
1.02909
0.993441
1.03576
0.973664
0.985575
1.03657
0.968729
0.994811
1.00122
1.01113
0.981034
0.987743
0.967284
0.984028
0.996604
1.05213
1.01228
1.01318
1.00844
1.02554
0.981653
0.984453
0.99751
1.02942
0.976673
0.98262
1.00054
0.976234
0.993632
1.00398
1.0225
1.00774
0.988992
0.986597
1.03058
1.00285
0.998187
0.997411
0.985112
1.00653
0.976261
1.00335
1.03563
0.995701
1.02216
1.03197
1.04184
0.96781
0.999284
0.990597
1.01823
1.01647
0.986094
1.00124
0.992871
0.990299
1.0445
0.994912
1.03115
1.02601
0.966303
1.00015
1.02093
0.974682
0.994883
1.02232
1.03089
0.99793
0.982132
1.02474
0.969001
1.0167
1.00223
1.01067
1.01449
1.02604
1.02143
0.991692
1.01509
0.992958
1.03042
1.01396
0.991061
0.976788
1.02954
1.00482
0.978535
1.00149
0.982253
1.02259
1.00495
1.02906
1.03849
1.0062
1.02214
0.998975
1.00165
1.00753
0.996899
0.978891
1.00413
1.01151
0.991873
1.00653
0.945095
1.02401
0.969061
1.0212
0.997685
1.05132
0.990543
0.984684
1.0258
1.00568
0.983453
0.982669
0.995184
1.02315
0.976382
1.01544
1.02551
1.01507
1.01731
1.03662
0.979408
0.995602
1.00423
0.971693
0.980409
1.01787
1.00044
0.980762
0.977333
1.02099
1.01019
1.03173
1.01177
1.0161
1.02337
1.06053
0.991751
0.946738
0.955235
0.969674
0.981608
1.00311
0.989673
0.959799
0.985349
1.01314
0.997415
1.00844
1.00816
1.02447
1.02154
1.04162
1.00424
1.0393
0.997791
0.982435
0.989331
0.971865
0.994629
1.01187
1.00269
0.987053
1.05074
1.01582
1.00751
1.0064
0.989156
1.00638
1.01199
0.977135
0.970994
1.02726
0.994037
1.01605
0.975664
0.963715
1.00283
0.977188
1.00216
1.01583
1.00044
1.01946
0.994241
1.02148
0.986947
0.977678
1.01313
1.00153
1.04698
0.98336
0.969872
0.964285
0.965387
0.967295
0.961059
1.01962
1.01208
1.00256
1.04049
1.03909
1.00965
0.997682
0.994646
0.993032
1.01838
0.969988
0.994529
0.994064
0.99385
1.00692
1.02804
0.986928
1.01713
0.975451
0.969838
1.03497
1.00655
1.02694
1.02308
1.01711
1.03527
0.978346
0.995044
0.99713
1.00868
0.974717
1.02469
1.01485
1.03909
1.00401
1.0064
0.986964
1.03703
1.02817
0.998156
1.02495
0.991454
1.01381
1.01357
1.0382
1.01404
0.993557
1.01096
1.03112
1.00449
1.02149
0.992729
0.982457
1.0027
0.976141
0.992786
0.983613
1.00493
1.04426
1.03499
1.02277
0.975497
1.01456
1.01048
1.00554
1.01454
0.992127
0.965425
1.01913
1.0292
1.00466
0.982801
1.00426
1.00559
0.985213
1.02263
0.995572
1.03328
0.953817
1.00737
0.999717
1.03265
1.02975
0.957457
0.966282
0.964041
0.999369
0.988334
1.02028
0.987264
0.990204
0.987041
0.980173
0.988518
0.973201
1.05361
1.02234
0.97418
0.9805
1.00976
1.02101
0.999145
1.02137
1.03299
1.01441
1.02803
1.01335
0.992573
0.996304
1.00277
0.972725
1.01567
1.04437
0.978941
1.00981
0.980867
1.01982
0.988539
0.999768
0.987139
0.963631
0.995625
1.01194
1.04685
1.03133
1.01535
1.01001
0.973772
1.00939
1.00205
0.963959
0.985499
1.00211
0.996025
0.973716
0.986065
0.980838
0.985408
1.01966
0.991358
0.953368
1.01218
0.982457
0.954969
0.991855
1.00012
0.978709
0.975162
0.990243
0.946144
0.994936
0.999502
1.02292
0.988374
1.01706
1.0797
0.993728
0.98799
0.984246
0.986734
0.995933
0.97585
0.992398
1.01313
0.963953
0.989534
1.02039
1.05775
1.00955
1.02063
1.00907
0.980309
1.04749
1.05749
1.01397
0.977795
1.00093
0.990436
1.01032
1.0376
0.965786
0.972638
1.01601
1.04086
1.039
1.05406
1.00438
0.958595
1.00797
0.981236
1.04972
0.991786
1.01156
0.993874
1.01277
1.02026
1.00987
0.998904
1.07774
0.99598
1.04361
1.03618
0.99769
1.00597
1.01869
0.95656
1.0188
0.972135
0.962315
1.01137
1.01576
0.9627
0.974137
1.00059
0.997791
1.01031
0.978361
1.00727
0.992792
1.05416
1.00176
1.00489
1.00527
0.985515
0.994701
0.959358
0.953337
0.977925
1.01809
1.04336
1.01849
1.03529
1.0038
0.98895
1.0372
1.00262
0.981716
1.01066
0.9927
1.04558
1.02961
0.99298
0.989273
1.04223
0.980201
1.00218
1.05297
0.974473
0.990351
0.992542
1.00981
1.01169
1.00785
0.99999
1.00559
0.999755
1.01693
0.973485
0.987883
0.995831
1.01676
1.03017
0.988552
0.990426
0.990109
1.02003
0.98479
0.960376
0.988745
1.00773
0.974163
1.05385
0.962871
0.977567
1.00417
0.997266
0.945802
1.0112
0.967984
1.03369
0.977004
0.996757
1.01534
0.967063
0.974509
0.997721
0.963739
1.02363
1.0155
0.979111
1.00546
1.00717
0.968347
0.994489
1.02782
1.0319
1.03558
1.03674
0.971341
1.0062
0.980951
1.01746
1.03063
0.985512
1.01502
1.03411
1.02981
1.00133
1.0341
1.0142
0.990404
1.0431
1.02845
0.969888
1.04839
1.02186
1.02815
1.05222
1.04064
1.04249
0.994086
1.00496
0.963461
1.00127
0.980204
0.986863
1.00794
1.01978
1.02298
0.97357
0.993829
0.976065
1.01935
0.957939
1.00079
0.968603
0.984083
0.990457
1.02214
1.00736
0.986708
0.991914
0.975226
1.00977
1.00639
1.00357
1.00696
0.989694
0.963261
0.934044
0.973153
1.01758
1.00289
1.00249
1.00674
1.00221
0.979777
1.00961
1.00611
1.00788
1.03197
0.939745
1.02039
1.02218
1.03606
0.957276
1.03707
1.00527
0.997276
1.01394
1.01821
1.04562
1.01092
1.04413
1.00666
0.994568
1.00639
1.00798
0.967693
1.03092
1.01769
1.02932
1.01588
0.991037
1.01176
0.996867
1.00782
1.03422
0.9529
0.994673
1.00737
0.985689
1.00214
1.03536
0.986048
0.963063
0.998753
0.993044
0.999548
1.01062
1.01262
0.996786
0.956469
1.00218
1.0192
1.0048
0.986131
0.962188
1.01957
1.01466
0.982003
0.978757
0.983477
0.987566
0.988168
0.967261
1.01955
0.986636
1.00295
0.995247
0.996981
0.963791
0.96922
1.00545
1.00898
0.999621
1.03002
0.993456
1.04674
0.967195
1.01325
1.02547
0.963494
1.01375
1.00351
1.00535
0.98425
1.03707
0.967782
1.01842
0.935895
1.00699
1.01179
1.01838
1.02884
1.03911
0.995194
1.00664
0.999339
1.04012
0.994154
0.9964
0.998802
0.984991
1.02857
1.0274
1.02257
0.991375
1.01682
1.00155
1.02276
0.978344
1.00464
1.027
1.00412
0.979261
1.00097
1.05146
0.999987
0.987672
0.937199
1.03397
0.989004
0.977954
0.99493
0.945922
0.988458
0.98487
0.995774
0.997284
1.00517
0.960248
0.971703
1.0113
1.03222
1.00205
1.00911
1.01082
1.00628
1.02986
0.984285
0.982086
0.954645
1.01996
0.93976
0.960262
0.992452
1.05712
0.997493
1.00999
0.979824
0.991361
0.985424
1.03638
0.98066
1.01202
1.00064
0.974767
0.995315
0.97495
1.01484
0.967415
1.03457
1.01213
1.00778
1.02375
1.01722
1.03496
1.02527
0.994384
0.963411
1.0353
1.04298
0.978151
0.993194
0.959075
0.986819
1.04702
0.989334
0.965234
1.02277
0.974628
1.01612
1.00914
0.941949
0.975018
1.00521
1.04846
0.99143
0.981092
0.984705
0.96148
0.97838
0.950638
1.01657
1.01855
1.03859
0.980764
0.977391
1.02459
0.979075
1.01772
0.986777
1.02165
1.01451
1.00201
1.02231
1.01975
0.970352
1.0442
0.946209
0.989182
0.978969
1.05368
0.969769
0.974359
1.0033
1.02289
0.952546
1.00457
0.979749
1.02585
1.01512
1.02201
1.03079
1.03755
1.00108
1.00847
0.995428
0.973314
0.974762
0.975815
1.03576
1.00065
0.99182
1.04072
0.967934
0.97252
0.978376
1.00691
0.966885
1.03712
0.963546
1.04689
0.955827
0.974963
1.00546
0.992733
0.971439
1.01923
0.995585
1.03769
0.996742
0.981994
0.989689
1.0253
0.984242
1.00698
1.04475
0.99185
0.968935
0.999544
1.03092
1.00729
0.972161
0.969952
1.01017
0.974538
1.02967
0.963501
1.00924
0.970574
0.976594
0.97308
0.982909
0.992091
1.00418
1.01978
0.999433
0.972748
1.00381
1.04507
0.991758
0.972133
1.02661
0.987083
1.05202
0.988416
1.0002
0.998187
1.01572
1.01503
1.06221
0.962341
0.988913
0.97542
1.02265
0.975707
1.00979
1.00256
1.04786
1.01386
0.967529
0.989953
1.00108
0.94934
1.00506
1.00666
1.01689
1.06759
0.991041
1.00134
0.954267
1.0271
0.994399
1.01513
1.00271
0.982256
0.980448
0.984447
0.954893
0.99397
0.991308
0.988248
0.998651
0.9905
1.01529
0.969571
1.03358
0.97469
0.982394
0.987768
1.02217
0.999787
1.02033
0.956185
1.01316
1.03247
0.994037
1.00294
0.968962
1.03297
1.01251
0.983917
0.975848
1.01889
1.0115
0.988839
1.02192
1.01894
0.992879
1.02072
0.993982
1.03071
1.03286
1.04422
0.99745
0.953533
0.988483
0.979339
0.993288
1.00919
1.02143
0.976494
0.993544
0.994911
1.00266
0.99936
1.06142
1.00683
1.02255
1.02191
0.992545
0.966776
0.977608
0.979713
1.01212
1.01137
0.981737
0.965151
0.992437
1.03356
0.975612
1.03914
1.0085
1.01595
0.967062
0.998801
0.995088
1.02919
0.960869
0.99408
1.01111
0.983861
1.00975
1.00301
1.02664
0.969167
1.03228
1.0172
0.996951
0.97226
0.991794
0.98966
1.00698
0.992314
0.995333
0.939754
0.977842
1.01477
0.969108
1.02605
1.00924
0.99633
0.976807
1.02138
1.00905
0.979619
0.942667
0.978834
1.01778
1.04676
1.01539
1.03254
0.990348
0.995189
1.01747
0.982481
1.05863
1.0041
0.93922
0.988935
0.973931
0.962245
0.961805
1.01029
1.00172
0.983169
0.999892
0.981804
1.03703
0.968324
1.03167
0.978082
0.993168
1.02255
1.01388
1.04055
1.02884
0.964315
0.994577
0.967425
0.947021
1.0002
1.01247
1.00984
1.01079
1.00131
0.943252
0.948806
1.01147
1.03074
1.01663
1.0041
1.0416
1.04863
0.977856
1.00944
0.991335
1.02044
0.999379
0.973636
1.01476
1.01832
0.989806
0.97085
1.00642
0.987487
1.03101
1.00236
1.00042
0.998653
1.03015
1.0233
1.02479
1.03245
0.929427
0.991948
1.04927
0.982633
0.959098
0.976317
1.00895
1.01665
1.01195
0.986028
0.99053
0.988407
0.966981
1.00112
1.01204
0.999175
0.983522
1.00099
0.992745
0.970169
0.993117
1.01725
1.03472
0.97863
0.979098
0.947459
0.970366
0.939822
1.01844
0.992418
0.994301
0.974319
1.01009
1.03623
0.995813
1.01078
1.03549
1.02078
0.993063
1.00079
0.989703
1.01172
1.03425
1.01173
0.996845
1.029
0.99878
0.974616
1.02773
0.986867
0.992383
1.0233
1.00205
1.02481
1.00514
0.98269
0.980926
0.990258
0.993388
0.98866
1.01671
0.964667
1.00322
0.989138
0.984237
0.967044
0.990527
0.958282
1.02483
0.976664
1.0115
1.01592
1.01466
1.01033
1.02769
1.00357
1.01349
0.985529
1.01894
0.956313
1.0273
0.985151
0.993958
0.999818
0.961813
1.03339
1.03403
0.993959
1.02264
1.0119
1.00893
1.01785
0.99484
0.996815
0.996444
1.00333
0.986891
0.96223
1.00549
0.97833
0.999805
0.988371
0.965675
0.996619
0.982713
1.02194
1.03507
0.978046
1.00058
0.987341
0.995883
0.969266
1.00384
0.956592
1.05058
1.01464
1.04589
0.988614
0.965553
1.00246
1.01569
0.991666
0.996412
0.947931
0.984463
1.01399
0.98918
0.994218
1.01447
1.02253
0.991307
0.993941
0.99437
0.966089
0.933466
1.01565
0.991777
0.990599
0.997609
0.960964
0.991637
1.00339
0.999666
1.05778
0.982651
0.964063
0.96849
0.972629
1.01203
1.00378
0.990769
0.975623
1.00243
1.01368
0.998787
1.04665
0.989149
0.995863
0.953145
1.0015
1.03763
1.04124
0.990522
0.984165
1.01521
1.00915
1.03592
1.00869
0.990836
0.998534
1.03988
1.03132
0.976553
0.967889
0.976666
0.977084
1.00473
0.987338
1.00419
1.00851
0.959869
1.00239
1.00987
1.04273
0.970253
0.998813
1.00808
0.991307
0.993082
1.01601
1.03689
0.984623
0.989713
1.00049
0.992096
0.990632
1.01038
0.992677
1.0131
1.00843
1.00676
0.972055
1.02147
0.980297
1.02169
0.956886
0.965188
1.02036
0.987465
0.964879
1.01902
0.991382
0.998637
0.976789
1.02705
0.976473
1.05297
1.02675
0.985521
0.990971
0.98951
0.998739
1.00429
1.02012
0.952677
0.998815
0.994806
1.03045
0.995294
1.0143
1.00347
0.989481
1.02315
1.00559
1.06279
0.983857
1.03036
1.01952
1.05465
1.02245
0.981079
1.00016
1.02003
1.0129
0.992626
1.00263
1.01595
0.974854
1.06893
1.02151
0.970162
1.00126
0.97938
1.03531
1.01456
0.97921
0.997587
0.978546
1.01343
1.01836
1.0054
0.94129
1.01191
1.00115
0.995009
1.01653
0.98286
1.01308
1.02683
0.984
1.02137
1.01279
1.03034
1.02615
1.00656
0.95983
0.996482
0.986838
1.0216
0.988065
0.995411
1.00601
1.00673
1.03845
0.982808
0.979821
1.02768
1.02862
1.03048
1.0208
0.977609
0.987009
1.00935
1.04488
1.02196
0.99044
1.00478
1.01436
1.02629
1.01131
1.03891
0.984812
1.04912
0.999927
0.993513
1.00644
0.983362
1.02632
1.00864
0.982129
0.995987
1.00255
0.997301
0.977422
0.998418
0.99892
1.014
1.01183
0.982631
0.999442
0.97281
0.985933
0.965107
0.995257
0.923317
0.996681
1.00016
1.00199
1.00852
1.06031
1.01123
0.956342
1.01998
1.01214
1.00606
0.99873
0.987982
1.02564
0.954382
0.996275
0.997331
1.01083
0.977939
0.975846
1.03145
0.986953
0.977208
1.02767
1.01193
0.969446
1.00232
1.00804
0.97683
1.00991
1.02657
0.974684
1.01191
0.975988
0.982369
0.977231
0.960548
0.982701
1.01763
1.05539
1.01262
0.983256
0.958984
0.964272
1.01042
0.983547
1.00542
0.984536
1.02982
0.9989
0.973786
0.958215
0.98282
1.02942
1.01025
1.02727
0.993419
0.976801
1.00356
1.05344
1.01888
0.989884
0.957457
0.998118
0.990842
1.00152
0.990578
1.02496
1.02939
1.00862
0.943822
0.965412
0.966562
0.9789
1.04492
0.996745
1.04213
0.976588
0.992032
0.965226
1.03041
0.962359
0.988042
1.02844
1.00741
1.02828
0.97207
1.02966
0.960855
0.981259
1.01373
0.979637
1.00464
1.01214
1.00452
1.02079
1.03042
1.03919
1.06261
0.971577
1.03865
0.957818
0.971993
0.991884
1.00783
1.01105
0.960006
0.993917
1.02683
1.0459
0.99055
1.01523
0.952675
0.97677
0.999534
0.976573
1.00426
0.971753
0.974844
1.01538
1.00999
1.00257
0.987985
1.01691
1.03615
0.972972
0.982009
0.977973
1.03961
0.968069
0.98483
1.01912
0.989513
0.996691
0.973497
0.982054
0.995246
0.99127
0.983173
0.983513
1.03332
1.0214
0.999211
0.994234
1.02836
0.981988
0.972304
0.992096
0.984195
0.996113
1.00549
1.051
1.01631
0.971329
0.970795
0.962058
0.990965
1.02066
1.03663
1.02563
1.00555
1.02694
1.03843
0.933805
1.01847
0.98695
1.01448
0.981365
1.00483
0.955729
1.00635
1.04818
0.995385
1.00443
0.996547
1.01144
0.996496
1.07038
1.00489
0.980639
0.995676
0.985607
0.962369
0.984031
0.984973
0.996916
1.02389
1.00953
0.97112
1.01597
1.00249
1.0002
0.94704
0.979057
1.00277
0.98834
1.00229
1.00394
1.02502
1.02575
0.962906
0.991364
0.975391
1.02471
0.975377
0.99929
0.9868
0.968879
0.988682
1.00555
1.00936
0.988173
1.01239
0.97595
0.993166
1.02467
0.993364
1.01518
1.03264
0.973136
1.00071
0.930993
0.984079
1.03754
1.01689
0.979732
1.03428
1.00984
0.99514
1.01973
0.995429
1.0493
1.04868
0.992644
1.0095
1.01996
0.972292
0.990367
1.01539
0.981793
1.02541
0.993569
1.01704
0.971913
0.991483
0.994678
1.00882
0.984194
1.02435
1.0192
0.996015
1.01514
0.959833
0.998063
0.980037
0.964259
0.950997
0.978522
1.00529
1.00739
1.00146
0.996861
0.978292
1.02261
1.01466
0.968796
1.02837
0.988887
1.00897
1.01277
0.972129
1.01695
0.994756
1.00256
1.00079
0.943405
0.998928
1.04303
1.00299
0.996232
1.01424
1.0207
1.02669
0.992293
1.05807
0.984763
1.01605
1.03278
1.04304
0.971452
0.983523
1.01587
1.00902
0.982695
1.01308
1.02224
0.967923
0.999252
0.992709
0.978868
1.02777
0.991897
1.04247
1.00923
0.970832
1.01675
0.982409
1.01153
1.025
0.948976
1.00661
1.04849
0.975499
0.997989
0.992558
0.993302
0.983377
1.00482
0.997656
0.997387
0.972173
0.999063
1.04746
1.01665
1.01312
0.993463
0.99652
1.00214
0.964053
0.986
0.993193
1.00393
1.00785
0.961657
0.998468
0.999142
1.02432
0.998687
1.0302
1.01143
1.01148
0.943935
0.979654
1.04416
0.993261
0.997124
0.996803
0.99019
1.0356
1.049
1.02212
1.03927
1.01657
0.988419
0.980433
1.00204
1.00855
0.999022
0.996189
1.00776
0.999835
0.976894
1.02379
0.956114
0.98215
0.995403
0.984587
0.991428
1.0074
0.967927
1.01273
1.01086
0.981423
1.03088
0.997034
0.951678
0.99891
1.06153
0.994823
1.01739
1.03131
0.982041
0.9737
0.991824
0.96283
0.974424
1.06428
0.981189
1.02698
0.982834
0.957497
1.02622
0.99136
0.99924
0.99575
1.02756
0.985241
1.02168
0.95129
0.984338
1.01422
1.01856
0.974462
0.979013
1.03345
0.979297
1.04032
0.993924
1.0182
1.02638
0.96987
0.993918
0.954376
0.982443
1.01038
1.00923
0.987876
0.985809
1.01476
0.981493
0.958115
0.989191
1.00636
0.987284
0.9987
1.00326
1.00219
0.991688
1.02362
1.01966
1.00307
1.01364
1.01221
0.987127
0.966998
1.02578
1.02234
1.00773
1.01123
1.01238
0.958558
0.999768
1.03201
1.01246
0.969853
1.04997
1.02191
1.00939
0.986538
0.997107
0.988516
1.00761
0.988375
0.983921
1.00844
0.968116
1.00612
0.970812
1.02065
1.04182
1.01149
1.00602
1.03625
1.05273
0.996091
0.959135
0.97895
0.97204
0.985659
1.02829
1.01889
1.01638
0.991196
0.989166
1.0138
0.980372
1.05747
1.02266
1.05342
1.0373
1.00127
0.978663
0.989537
0.988909
0.951966
1.01086
0.97365
0.99688
0.97456
1.00408
0.968711
0.989518
1.01403
1.02171
0.977946
1.01293
0.963482
0.955934
1.00474
0.985862
1.02287
1.02293
1.0121
1.00519
0.999075
0.975338
0.956787
0.997979
1.04363
0.977845
0.976177
1.04984
1.00511
1.0207
1.00975
0.997894
1.0353
1.00667
0.98328
1.04696
0.996876
1.01577
0.973294
0.976365
0.962115
1.01377
0.993877
0.998287
1.00796
1.04882
1.03645
1.04855
1.00567
1.01533
1.015
1.01966
1.01913
1.02846
0.999074
1.01457
1.01528
0.979603
1.01716
1.02183
0.994567
1.00036
0.977032
0.966634
0.924906
0.998687
1.04031
1.04136
1.01579
0.98609
0.93971
0.986699
1.01044
0.967341
1.00675
0.993549
1.02253
0.962378
0.966722
0.992057
1.01108
0.959154
0.991485
1.05547
0.977912
1.00187
1.01564
0.957242
0.994178
0.992439
1.02126
1.02634
0.942288
0.972056
1.02767
0.991598
1.04058
1.00916
0.962886
0.98133
1.01609
0.974618
1.01062
0.961889
1.01786
1.02089
1.00585
1.00385
0.992777
0.946456
0.981544
1.02247
1.01104
0.999203
1.01461
1.01435
1.02797
1.0512
1.01163
0.971555
1.00305
1.01079
1.01192
0.994221
0.998546
1.00668
0.973576
0.966492
1.00414
1.01484
0.965094
1.02716
0.974052
0.960419
0.954976
1.02592
1.01139
0.952084
0.976146
0.989471
1.03797
1.01759
0.996559
0.983368
1.01139
1.00169
0.955664
1.02023
0.992449
0.998391
0.955944
1.0076
0.960594
1.01524
0.978092
1.03769
1.0388
0.979976
0.996073
0.994354
0.999266
1.01699
1.0497
1.01238
0.996316
0.97145
0.964349
0.98775
1.01054
0.98042
0.982594
0.980717
0.989128
1.02638
1.0009
1.01061
0.964016
1.00564
0.969439
1.03214
1.04365
1.01804
0.950007
0.977989
1.02408
1.0033
1.01238
1.00971
1.01085
0.982029
0.997784
1.03164
1.00911
1.01787
0.965297
1.00394
0.970322
0.990212
0.982937
0.965094
1.0436
0.947279
0.982461
0.965276
0.99961
1.01213
0.99884
0.992858
1.00861
0.992982
1.00533
0.963118
1.00403
0.965034
0.953795
1.00171
1.02202
1.01408
1.0411
1.03619
1.01411
0.974441
0.970305
0.954784
1.03612
0.949845
1.01338
0.980041
1.02312
1.02476
0.996079
0.985307
0.966467
1.0163
0.975291
1.01158
1.02124
0.987775
1.02101
0.998973
0.979438
1.03378
0.99303
0.986975
1.00187
1.01163
0.974908
1.0113
1.01771
1.0192
0.97986
1.04963
1.02529
1.00534
1.01965
0.992501
1.06206
1.00249
0.952415
1.03848
0.946063
0.988832
0.98829
1.03979
1.06162
0.992511
0.975519
0.952174
1.02259
1.02943
1.02004
1.00011
0.985013
0.996289
0.981188
1.00142
1.02895
1.00914
0.950893
0.97994
0.959651
1.04863
1.04914
0.986099
0.969875
0.990426
0.984757
0.986914
0.982411
0.977359
0.970906
0.933669
1.01016
1.05031
1.00535
1.03629
1.01118
1.05185
1.01239
1.02715
1.00229
0.992795
1.02973
0.95353
0.984746
1.02542
1.00972
0.94794
1.03406
0.989882
0.977409
1.01423
1.02224
1.01612
1.02455
1.02782
0.9408
0.989512
0.983678
0.963215
0.964561
0.978023
0.957974
0.999116
1.01571
0.994508
1.00029
1.04037
0.990697
0.995435
1.03544
1.03195
0.996207
0.993305
0.925484
0.972342
0.95052
0.982328
1.01555
1.00849
1.01193
1.02181
0.979505
1.03996
0.969408
0.980896
0.993916
1.01459
0.968923
1.0093
0.969021
0.97507
0.960457
0.993811
1.01412
1.02853
0.98672
0.998314
1.01004
1.01726
0.950419
1.00247
1.01239
0.9604
1.00773
0.994858
0.988734
0.976004
1.00011
0.96545
0.961286
1.02551
0.928847
1.04905
0.999329
0.994503
0.990059
1.00468
0.990662
0.971474
0.986255
1.03219
1.02452
1.011
1.02463
0.981869
1.02176
1.0032
1.00707
1.00619
1.01089
0.992165
0.994748
0.968795
0.995662
0.999179
1.01409
1.00257
0.982794
0.972816
1.01476
1.02172
0.995398
1.05806
0.96596
0.982037
0.984942
0.990816
0.982367
1.0211
1.05127
0.999432
0.957862
1.01
0.968993
1.00407
1.00606
0.964354
0.970609
1.02423
1.02011
0.992346
1.01997
0.980452
0.982176
0.960624
0.972673
1.02033
0.979763
1.00408
1.03846
1.03381
0.987209
0.948312
0.964109
1.00161
0.989882
1.0113
0.977437
1.00187
0.99301
0.997961
1.00004
1.06784
0.992817
0.969103
0.986647
1.02684
0.971621
1.05122
0.980278
1.00768
0.983138
0.998603
0.984865
0.991346
1.03664
1.01583
0.972627
0.979411
1.0083
0.99064
0.982463
1.0019
0.989165
1.00504
1.02478
0.957618
0.983596
0.981697
0.971913
1.03766
0.980464
0.996606
1.01895
0.976672
0.998155
1.04158
1.02637
1.018
1.00672
0.978899
1.03271
1.00847
1.01948
0.991814
1.04845
0.970574
1.02077
1.00098
0.990956
1.05128
1.01953
1.01277
0.991676
1.0055
0.988809
0.989398
1.00513
0.981519
1.00238
0.980749
1.03483
0.95223
0.969707
0.980459
0.945867
0.981049
1.00375
0.994444
0.966209
0.977009
1.01365
1.05583
0.996171
1.01517
0.996039
0.978216
1.00601
0.984663
1.00154
0.963929
0.959189
1.01946
1.00184
0.975457
1.004
1.04081
0.965861
0.97537
1.04153
1.02114
1.02072
1.02403
0.98482
0.963012
0.973749
1.03337
1.00278
0.94224
1.01946
1.0006
0.996648
0.992916
1.0177
1.01435
1.04948
1.02278
1.01571
1.01573
0.950734
0.95736
0.993291
1.03735
0.984013
1.00525
0.974802
0.989861
1.00848
0.985575
0.999579
0.984625
0.998692
0.992927
0.958108
0.998859
0.97775
1.03765
0.985071
0.989089
0.985644
0.975516
1.03589
1.04756
0.998526
1.05653
1.03198
0.962941
0.983899
0.959378
1.02184
1.0157
0.999769
1.00922
0.950348
1.02456
0.998095
0.981738
0.962106
1.05311
0.979732
1.0228
0.989567
1.0065
0.977155
0.963424
0.997311
0.994139
0.990352
1.00268
0.990632
1.0299
0.988438
1.02301
0.970938
1.02917
1.04235
0.995819
1.03371
1.02734
1.01078
0.985135
1.03152
1.01646
0.982804
1.01804
0.956827
0.973999
1.01851
1.01502
0.999051
1.00974
1.01488
1.01052
0.9993
0.996241
0.999119
0.986006
1.01924
0.992767
0.985625
0.985058
0.952888
0.962076
0.997784
1.00198
0.966169
1.07041
0.943691
1.03611
0.993969
1.05
0.943267
0.984068
1.00065
0.999136
0.974308
0.983705
1.02273
1.05259
1.00637
0.985386
0.970601
0.984224
0.989801
1.06073
0.957408
0.985823
0.991797
0.968486
1.04918
1.00987
0.980405
0.985192
1.00847
0.979835
0.980067
1.02309
1.02763
1.04224
1.01726
1.00967
1.04008
0.998768
1.02148
0.927694
0.973885
1.02002
1.02472
1.00132
1.05142
1.00523
1.02494
0.989711
0.985861
1.02175
1.02875
1.00298
1.00954
0.949088
0.887889
1.00747
0.987097
0.943142
1.00091
0.95169
1.00029
0.991576
0.979769
0.992728
0.975337
0.978433
0.977693
1.03306
0.973043
0.977468
0.965208
0.999607
1.02179
0.950227
0.995547
0.989765
0.969901
1.01116
0.99934
0.95016
0.972576
0.985917
0.959519
1.04577
0.99588
0.964547
1.00733
0.996833
1.0035
1.0557
0.977322
1.02925
1.02739
0.979156
0.989414
0.981927
1.00961
0.997307
0.984383
0.984991
0.977118
0.994927
0.97891
0.985687
1.03507
0.995432
1.03973
1.00036
1.0285
0.971579
0.96428
0.94482
1.00465
1.01005
0.963816
1.01336
0.985477
0.977798
1.01039
1.00646
0.981531
1.01882
1.01261
0.985414
0.979431
0.977313
0.986439
0.988938
1.00637
0.993263
0.96821
1.02728
1.03522
0.963364
0.981389
0.984079
0.985544
1.0081
1.01389
1.00488
0.92731
1.01307
1.00507
0.980288
1.01956
1.00255
0.976112
1.06152
1.01369
1.02253
0.973381
0.970028
1.04519
1.04077
1.0079
1.02331
1.03529
0.990202
1.01769
0.975896
1.00476
1.00577
1.01166
1.00501
0.966274
0.995101
0.986802
0.925195
0.981845
0.981308
0.934139
1.03873
1.01844
1.0424
0.970086
1.02144
0.986789
1.01035
0.997774
1.01415
0.992151
1.01587
1.00085
0.982835
1.00492
0.967225
1.03124
1.0328
1.01119
1.00756
1.01476
1.04093
1.03734
0.95898
0.986322
1.00579
0.998336
0.992951
0.984738
0.969159
0.985497
1.04083
0.985624
0.956256
1.02226
0.996192
1.01449
0.98977
0.999724
1.01642
1.02809
0.997257
1.01122
0.996623
0.99136
0.986724
1.02732
0.971328
1.00157
1.02389
0.980056
0.961203
0.971384
1.01202
1.00854
1.03509
1.02229
1.00222
1.02105
0.963292
0.973044
1.00584
0.963756
0.987116
0.974131
0.972579
1.02826
0.979349
1.00587
1.0458
1.0569
0.9827
1.0034
0.957856
1.01491
1.01175
1.02703
0.99355
0.977588
1.02997
1.02914
1.00029
0.994113
1.02966
1.02071
0.97634
0.996131
0.937541
0.959074
0.97258
0.971009
0.991748
0.980885
1.04836
0.965518
1.06195
0.962992
1.0168
0.975641
0.996536
1.01115
0.9785
1.01428
1.01463
0.957767
0.950828
1.03545
1.02691
1.02601
0.974447
1.03802
0.996876
1.00887
1.0288
1.00252
1.00842
1.01922
0.93037
0.976043
0.988605
1.00699
1.01905
1.01713
1.01782
0.999689
0.979091
1.05461
0.983995
0.958535
1.03013
0.999939
1.0099
0.994525
1.03656
1.02122
1.00224
0.998148
1.05417
1.01291
0.985478
0.997825
1.01114
0.971843
1.00171
0.971008
1.04872
0.97507
1.02484
1.00552
1.04552
1.02728
0.990915
1.05717
1.00614
1.06115
0.981569
0.982205
0.975773
0.987154
0.968839
0.985557
1.044
0.979449
0.997543
0.954447
1.00683
0.96288
1.021
1.03591
1.01156
1.03559
0.978838
0.991684
0.992472
1.01965
1.00313
1.00851
0.995026
0.984416
0.975011
1.01285
1.00726
1.05561
0.964417
1.01894
1.02412
1.00693
0.990471
0.987146
1.01836
1.05007
1.01379
1.02306
0.971281
0.980101
1.00188
0.990445
0.975655
0.976887
0.999327
0.985527
0.979998
1.00104
1.01404
1.02101
1.05073
1.01033
1.038
0.988898
1.03378
0.989089
1.00596
0.999615
1.01172
1.00973
1.0301
0.984664
0.955712
1.02347
0.98373
1.01323
1.0375
0.97989
0.986192
0.997865
0.994835
1.00379
0.999605
0.96704
1.00632
0.99437
1.01137
1.00416
1.02377
1.00335
0.98176
0.980464
1.02365
0.992369
0.994665
1.01024
1.0039
0.988329
1.01715
0.967208
0.997944
1.02205
1.02031
0.965414
1.01245
0.994743
1.01745
1.03632
1.00576
0.976275
1.00117
1.02457
1.02716
0.999435
1.00044
1.01071
1.00335
0.995985
0.889895
1.01971
1.01147
1.00703
1.03275
1.0231
0.963637
0.962752
0.99148
0.974839
1.03209
1.02075
1.01557
1.06106
1.00596
0.987586
1.0038
1.00861
1.00814
1.00233
0.980369
1.01879
0.974538
0.954607
0.983537
0.98264
1.02055
1.00306
0.995407
0.984729
1.00142
1.00604
0.974714
1.01824
1.01239
1.04351
0.998695
1.02938
1.007
0.956736
0.983333
0.974867
0.96549
0.989151
0.976345
1.02532
1.01624
1.00707
1.00524
0.977946
1.01831
1.02146
0.973636
0.98707
1.00073
1.01861
1.01426
0.980649
1.00606
1.00321
1.04089
0.979436
0.982095
0.975042
1.01019
1.03391
0.968699
0.964835
1.00383
0.978866
1.01201
0.9814
0.987977
0.983534
1.01976
1.01694
0.992127
0.970714
0.984587
0.961683
1.01539
1.03457
0.984423
1.02366
0.998981
0.978472
0.983654
0.954557
0.997549
1.04927
1.008
1.00997
1.03637
1.03238
0.972967
1.00396
0.961814
1.02718
0.978212
0.995995
1.04237
0.992089
1.00133
1.01678
1.00597
1.02948
1.02437
1.04995
0.978945
0.97434
0.999447
1.01721
1.05349
1.02622
0.977609
1.05673
0.98963
0.998115
0.99733
0.998804
1.0235
1.0283
1.03355
0.962954
0.924019
1.02116
1.02005
0.976887
0.999222
1.01092
0.988655
1.00756
0.98497
1.03791
0.973324
0.945302
0.964181
1.01873
0.970381
1.00584
0.990986
1.00393
0.990825
1.0217
1.00296
0.984174
1.00707
1.00182
1.02697
1.00117
1.00097
0.979955
1.05295
0.990529
1.00154
1.00304
1.00155
0.986026
1.01172
0.998155
0.964486
1.02331
0.972577
0.98943
0.969593
1.00598
1.0312
0.995017
1.03897
0.981706
0.99436
0.985447
0.982625
1.04165
0.990788
0.991787
0.958452
1.03151
0.962691
0.976463
0.986553
1.01478
1.01204
1.04691
0.980012
1.04834
0.978229
0.990273
1.01836
1.00988
0.974907
0.943438
1.02822
0.963128
0.983061
0.992165
1.01089
0.982308
0.993893
1.0019
0.967222
0.99989
1.03135
0.978985
1.00415
0.995571
1.0299
0.964798
0.945898
1.00817
0.982895
1.02033
1.01786
0.959812
0.955525
1.02159
1.05605
1.01877
1.01936
1.02086
0.970988
1.00902
1.01529
1.04701
1.02119
0.992836
1.0329
1.0073
0.988507
0.98342
1.02403
0.988869
0.977234
0.993747
0.998249
0.998504
0.985418
0.944433
0.99016
1.04057
0.995708
1.07539
1.01746
0.976498
1.03054
0.985005
0.973318
0.978066
0.949836
1.00589
1.0038
0.997239
1.01607
1.02432
0.97463
1.00486
0.956555
0.98252
0.980713
0.985089
0.965169
0.982578
1.03064
1.00912
0.983131
1.01144
0.977876
0.985903
1.00173
1.00637
1.00681
0.965097
0.983342
1.05417
0.965448
0.999263
1.01448
0.982079
1.02046
1.05743
0.981407
1.02953
1.02952
1.00008
0.984146
0.988302
1.02027
1.0036
0.992792
0.955349
1.01542
0.990779
1.00614
1.0137
1.057
0.991274
1.04548
1.01091
1.02521
0.990926
0.987482
0.976702
1.00608
1.01877
1.00283
1.04156
0.991709
1.05327
1.01881
1.01912
1.01506
1.01827
1.00557
0.976987
0.948252
1.00367
0.968907
0.984823
0.987363
0.988542
0.980823
1.00881
1.02609
1.01922
1.05153
1.04762
1.02093
1.00117
1.0109
0.940323
0.992765
1.04813
1.01125
0.980715
0.959459
1.01358
0.994634
0.987665
0.9905
1.00302
1.03996
0.983191
0.989186
0.958465
0.980965
0.995448
0.998813
1.04824
0.979943
1.01548
1.01011
0.99976
1.01625
1.02262
1.00412
1.00378
0.955181
0.968399
0.991188
1.0085
1.02709
1.02663
1.00657
0.982605
0.998862
0.998759
1.02573
1.04775
0.966429
0.980806
0.998051
1.00291
1.01743
0.991686
0.993949
1.02021
1.0318
1.03033
0.964989
1.00177
0.971446
0.964985
1.03221
0.990083
1.04911
0.986716
0.948959
0.980752
0.977874
0.997728
0.996724
1.03676
0.996888
0.978779
0.961146
1.00516
1.0023
0.978363
1.00784
1.00138
0.991817
0.95053
0.978913
1.00045
0.991307
0.966189
1.00083
0.994404
0.989548
0.978737
0.981152
1.01917
0.997766
0.9865
0.998577
1.01302
0.99906
0.966175
1.02982
1.00082
1.0421
1.03655
1.00642
1.01512
1.00181
0.98696
0.95228
1.01564
1.00123
1.01022
0.980245
1.01662
0.996437
0.963673
1.01732
1.0115
1.02598
0.987874
1.04788
0.969677
0.975719
0.998562
0.965049
0.992398
0.981514
0.993347
0.970132
0.977833
0.990788
1.00468
1.02358
0.974323
1.00068
0.978892
1.01697
1.02141
1.00493
0.983763
1.01178
0.982395
0.996538
1.01241
0.98319
0.988872
1.00725
1.00905
1.00977
1.05213
0.997989
1.01213
1.02169
1.00488
0.975106
1.00204
1.01043
0.999111
1.00406
0.96043
0.997796
0.981646
1.00934
0.968128
1.02585
1.00653
1.00706
1.00082
0.977056
0.996339
1.00752
0.973726
1.04751
0.999455
0.987302
1.04918
0.987279
1.0418
1.01151
0.978842
0.969487
1.00551
1.04721
0.969681
0.983002
1.00463
1.04765
1.00625
0.998529
0.979127
1.00789
1.03481
1.01282
0.991346
1.00565
0.989168
0.975427
0.978981
1.02779
0.978195
0.992326
0.973708
1.00004
0.958314
1.00746
1.01637
0.989536
1.00111
1.00939
0.995932
0.980327
0.970645
1.0184
0.980917
0.950337
1.00095
0.992486
0.994185
0.99504
0.988464
0.969098
0.997939
0.967718
1.03498
0.978184
0.999172
1.0106
0.99748
0.985311
1.02028
0.970989
0.973051
0.973754
1.0316
0.978704
0.993143
1.0264
0.999788
1.02299
1.02637
0.98479
0.989342
1.01309
1.00825
0.988929
0.997843
0.988524
1.03317
1.01435
0.957852
0.985958
1.02713
0.976345
1.04142
0.990666
0.957365
1.02065
0.990193
0.982998
0.983801
0.963632
1.03722
0.991035
1.02551
0.986185
0.9669
0.958082
1.03139
0.983172
0.968201
0.94452
1.01993
0.940676
0.99882
0.983302
0.953307
1.00262
1.00407
1.01299
0.983982
1.03452
1.02273
0.977244
0.967788
1.04061
0.985186
0.966333
0.986066
1.03952
0.980257
0.995829
1.02307
0.966878
0.964274
0.961786
1.00242
0.998651
1.00059
1.00546
1.05344
1.04256
1.02392
0.975458
1.00003
0.991421
0.996548
1.05713
0.965507
1.00565
1.07199
0.986232
1.06113
1.02049
0.99438
1.03118
0.986989
1.01603
1.00344
1.00051
0.996044
1.02623
1.0169
0.975412
1.00596
1.00809
0.987656
0.995116
1.03403
1.03947
1.02092
1.01707
0.94059
0.975583
1.03447
0.985559
0.999795
1.01138
0.977336
1.01805
1.01271
1.05395
0.946226
1.04774
0.98831
0.95393
0.968998
1.03491
0.999756
1.01095
0.985996
0.985753
1.03034
1.05326
1.03694
0.999475
1.01529
1.00862
0.961988
1.01286
1.0031
1.04318
1.01607
1.01427
1.05102
1.00084
1.01642
1.02009
1.01273
1.01581
0.990106
1.02521
0.983069
0.978522
1.01797
1.03241
1.01173
1.01541
0.991652
0.994406
0.997675
1.01056
1.00519
1.01172
1.02522
0.98562
1.01062
0.962435
0.942904
0.975827
0.972256
1.06427
1.01203
0.982594
1.03129
0.984196
1.01289
1.00802
0.998311
1.03765
0.9713
0.980051
1.0084
1.03441
0.96721
1.00247
0.963796
0.993368
0.966262
1.02482
1.01577
0.982206
1.00217
0.983186
1.02015
1.02134
1.02892
0.994146
1.01117
1.00372
0.953856
0.976111
1.03382
1.00857
1.00364
0.99377
1.03014
0.980663
1.02393
1.01952
1.02766
1.02671
0.969193
0.945885
1.0172
0.981216
1.02508
1.01028
1.00967
1.01748
0.990296
0.990613
1.0182
0.989378
1.01262
0.995146
1.00818
0.991326
1.0369
0.975752
1.00612
0.980348
0.999702
0.943023
0.988718
0.988701
0.969497
0.958126
1.0041
0.972528
1.01996
0.963508
0.974039
0.980666
1.03297
1.03303
0.98602
1.01821
0.992261
1.01449
0.966062
0.947649
0.995905
1.01738
0.990737
1.03634
1.02811
0.988605
0.989996
1.01683
0.971717
1.05007
0.998432
1.00534
0.992879
1.03937
0.977989
0.987804
0.985243
1.00126
1.03929
1.0593
0.998275
0.99977
1.04683
0.973837
0.999772
1.00281
0.963942
1.00516
0.98824
0.977349
0.999673
1.0395
0.98219
1.00029
0.968372
1.05196
1.02167
1.01791
0.992942
1.01181
1.01742
1.01087
0.982255
0.978588
0.985376
0.994418
0.998082
0.982649
1.02537
1.02346
0.969855
0.999252
0.970445
0.991618
1.01468
0.98011
0.986389
0.965151
0.989801
1.03678
0.99942
0.99036
0.973932
1.01421
1.02116
1.00118
1.00669
0.945081
1.02923
1.00034
1.00445
1.0023
0.995878
1.01405
1.01227
1.04371
1.0258
1.02335
0.970089
1.01267
0.986949
0.969791
1.01095
1.00548
0.976324
0.908623
0.98617
0.981778
1.03752
0.970551
0.994313
1.01703
1.00109
1.02455
0.97988
1.02045
0.991216
1.04134
1.00664
1.02558
0.979534
0.967369
1.03528
0.969359
0.994051
1.02392
1.00831
1.02526
1.03681
0.962073
1.03575
0.99546
1.04167
0.980789
1.01342
0.979066
0.985032
1.02163
1.04047
1.01052
0.972127
0.974613
1.01029
1.03329
0.997665
1.00642
0.999302
0.993833
0.981035
1.00865
0.953483
0.995039
0.970721
1.02469
1.05842
1.00431
0.993033
0.976729
0.973036
1.00649
1.00468
0.978597
0.986177
1.00615
0.977889
0.991162
1.0184
1.05101
1.03206
0.999129
1.02393
1.00117
1.01045
1.04919
0.994843
1.00478
1.00797
1.0208
0.956682
1.01862
0.99402
1.01073
1.03938
0.983221
0.989245
1.02197
0.987258
0.941597
0.954799
0.930039
0.994307
0.99439
1.02916
0.995275
1.01696
1.01602
0.989542
0.997418
1.01042
0.949527
0.981234
0.954364
1.00087
1.05647
1.005
1.01343
1.00805
0.99425
1.00932
1.04973
0.977033
1.0443
1.02569
1.02398
0.986654
1.00054
0.983955
1.00534
0.998594
1.00512
0.988122
1.06141
1.00679
0.999493
1.01078
1.00151
0.986455
1.02403
0.940874
0.991199
1.06461
1.05403
1.03211
0.971936
0.966992
1.07812
1.01695
1.00942
1.00863
0.975008
0.99827
0.959826
1.00021
0.972937
0.973545
0.974773
1.01158
1.03437
0.981396
0.981536
1.02295
1.00594
0.992517
0.972197
1.00906
1.00581
1.01169
0.98207
1.02339
0.98893
1.05006
1.0333
0.96963
0.984438
1.01265
0.999391
1.01809
0.983618
1.03461
1.00957
0.972543
1.02989
0.990351
0.944572
0.999343
0.97794
1.00196
0.997138
0.985587
0.991726
1.0069
1.04836
0.980038
1.02686
0.980038
1.03109
0.981631
0.983169
1.00194
0.992767
1.02231
1.00872
1.01394
1.03519
1.0313
1.03892
0.987422
0.943863
0.946843
0.974118
0.955212
1.00692
1.00007
1.04071
1.02246
1.04561
0.981648
0.933169
1.01409
0.99552
1.03545
1.01104
1.02489
0.97883
1.04744
1.01953
1.0249
0.977444
1.02006
1.00205
1.01785
0.96127
1.01363
0.969318
1.02865
1.00661
0.997489
0.985711
1.0019
0.998376
0.982647
1.03825
0.970547
0.978717
0.976521
1.00257
1.00655
1.01144
0.974367
0.992967
1.02497
0.997446
0.978168
0.980391
1.02256
0.999501
1.04355
1.04802
0.995388
1.03537
0.997895
0.974113
0.987187
0.992498
0.998196
0.972412
1.04725
1.01016
0.983679
0.988144
1.01292
0.954404
0.971466
1.016
0.949916
0.970107
0.989361
1.01113
0.995495
1.01449
0.943223
0.980192
0.992292
1.02505
1.00636
0.995463
0.997065
1.04696
0.987548
0.990335
0.996182
1.00101
0.957429
0.992221
1.03218
0.990723
0.984355
0.989479
0.988361
1.00847
1.00221
0.979084
0.957232
1.00311
0.974208
0.987462
0.999735
1.01594
1.01838
0.977555
1.00797
0.95415
0.982707
0.952823
1.00758
1.01772
0.992891
0.974254
1.00182
1.01867
1.01646
0.968615
1.054
0.9903
0.961092
1.02455
0.969419
0.969681
0.937249
0.983008
0.93745
1.03179
1.02485
0.962932
1.044
0.977459
1.02003
1.03354
0.988602
0.974781
1.01084
1.00029
0.99701
0.95982
0.975547
0.956067
1.03604
1.01752
0.964305
0.995178
0.977252
0.97153
1.00436
0.976473
1.00995
1.05003
1.02486
1.00337
0.974452
0.945317
1.01108
0.97262
0.992616
1.02562
0.954339
1.00355
0.958517
0.970766
1.00474
0.996975
1.01198
1.03061
0.982576
0.9556
0.959165
1.01192
1.0395
1.00494
0.965379
1.01464
1.05189
0.952588
0.997919
1.02159
1.00446
1.0362
1.02832
1.01123
0.994731
1.00221
1.00815
1.00532
1.00748
1.06018
1.03462
1.01225
1.00341
0.972269
1.00785
1.02417
0.973697
1.01744
0.995927
1.04172
1.00446
0.947766
0.980857
0.996129
0.990625
0.970174
0.988441
0.972928
0.999391
1.0197
1.00742
1.02177
0.990842
1.03893
1.03051
0.967297
0.970329
1.02647
0.987314
0.987427
1.00823
0.994398
0.958006
0.984379
0.986769
1.00286
0.929431
1.01495
0.978139
1.02555
1.02627
0.972957
1.04607
0.999999
1.03386
1.01233
0.996877
1.022
0.935774
1.0002
1.00856
1.01016
1.01551
1.01641
1.02911
0.998127
0.958861
1.02369
0.982017
0.984164
1.0036
0.991897
1.02666
0.96031
1.00051
1.01813
1.03029
1.00466
0.950756
0.985906
0.990447
1.00962
0.970455
1.02553
0.984055
0.996698
0.988165
1.01076
0.994202
0.98707
1.00538
1.00523
1.00572
1.02543
0.946029
1.0045
1.01564
1.01908
0.99606
0.943548
0.998539
1.02113
1.00154
0.951297
1.01866
1.00426
0.985642
0.9611
0.939991
0.954228
1.0425
0.984846
1.01799
1.02094
0.985947
0.995747
1.01358
1.02528
0.976587
0.989736
1.00594
0.991976
1.01339
0.983749
0.991622
0.976199
0.989478
0.979775
1.05225
1.00246
1.01508
1.00076
0.958176
0.997247
0.975301
1.00953
0.999003
1.01039
0.968352
0.984408
0.987655
1.02512
0.966191
0.986422
1.00783
0.98018
1.00361
1.00334
0.997808
0.990747
0.989747
1.01278
1.01087
1.01347
0.983105
0.973821
0.980208
0.999543
0.967072
1.00353
0.955265
0.991412
0.975146
0.993648
0.984809
1.01262
1.01358
0.986424
1.0186
0.993096
1.00958
1.00997
0.988146
1.01502
1.03494
1.02257
0.972541
1.02146
0.973604
0.979489
1.00903
1.01503
1.01132
1.0102
1.01081
1.02362
1.03741
0.996055
1.01923
0.996156
1.00466
1.01511
1.01374
0.987718
0.995747
1.0257
1.02179
0.971383
1.03127
1.01551
0.972961
1.03653
0.965408
1.05603
0.989807
1.02513
0.994907
1.02433
0.999033
0.993683
1.07498
0.987423
1.00458
0.995719
1.0164
0.995643
0.989946
0.974227
0.971393
0.933847
0.99567
1.01394
1.00462
0.991149
1.00531
1.04745
0.986272
1.03725
0.938021
1.01442
1.02077
1.00323
1.0035
1.04011
0.992667
0.991116
0.980791
0.976337
0.993494
1.0255
0.999518
1.00845
1.0435
1.0023
1.0102
1.00734
1.02969
0.990933
0.95018
1.02376
0.96321
0.984379
1.0175
0.998263
1.00748
1.03011
0.998544
0.969537
1.00702
1.00012
0.997693
1.0299
1.03387
0.971107
1.0125
1.02976
0.972517
0.999689
0.956719
0.992566
1.0086
0.978935
1.00802
1.00446
0.988468
1.03323
0.980962
0.96266
0.996911
0.974842
0.994773
1.04143
0.994161
1.01268
0.975012
0.970456
0.977934
0.973304
0.997386
0.986688
1.04123
1.02862
0.999
0.955778
1.0043
0.972575
0.978934
1.00661
1.01106
1.04415
1.00165
0.998846
0.957951
0.97801
0.988323
0.990475
0.999285
1.01764
1.01056
1.01031
1.01628
1.03352
1.04372
1.01818
0.959688
0.978536
1.01615
1.03559
1.00983
1.0356
0.995576
0.983591
0.981538
0.962262
0.979319
1.02014
0.967691
0.999261
1.00899
0.96036
0.979181
1.03859
1.00809
0.992774
1.00139
0.981115
1.02275
0.963077
0.962754
1.04207
0.999401
0.97742
0.996702
1.03584
0.99839
1.01967
0.997955
0.984558
0.994779
1.02952
1.00287
0.980666
0.982434
0.989376
0.968199
1.01423
1.01643
1.01475
1.03287
0.989578
0.986871
1.00529
0.98764
0.969188
1.02669
0.982874
0.996799
1.03647
0.994912
0.97388
0.974232
1.00623
1.04071
1.05683
0.990826
0.944201
0.995131
1.0235
0.999999
0.971275
1.02318
0.973553
1.00289
1.02627
1.00148
0.979467
0.964775
0.947396
1.01705
1.02457
1.01928
0.970704
0.983051
0.970533
1.01637
1.0176
0.994612
0.98317
0.956012
0.960668
1.00259
0.981966
1.02841
0.996178
1.00358
0.993294
1.01643
0.977887
0.972305
0.987757
0.9539
1.01697
0.990048
0.983854
0.938924
0.989224
1.00071
0.988768
0.989571
0.955874
1.04067
0.995028
0.998505
0.969209
0.991844
0.984895
1.04423
1.00535
0.996487
0.990446
1.00865
1.00478
0.988073
0.972042
0.977148
1.00088
1.00224
0.964574
1.00336
0.942456
1.0415
0.993671
0.962315
1.01302
1.03379
1.03971
0.982849
0.975747
0.967652
0.991441
1.00056
1.01276
0.995266
1.03834
0.991062
1.01097
1.02298
1.02563
1.01475
1.0114
1.04252
0.96858
0.948162
0.992502
0.985315
1.0334
0.966882
0.991258
1.0179
1.03459
1.03591
1.04699
1.0045
0.959316
0.989081
1.01737
1.0052
0.971508
0.988776
0.963503
0.977312
0.989152
1.0229
1.03971
1.00722
1.01245
0.987885
0.999062
1.0434
1.01242
1.03296
0.997786
0.980457
0.961827
0.963669
0.970965
1.00191
0.970602
0.970187
0.985954
1.02543
1.0212
0.981585
1.018
0.969381
1.01314
0.998968
0.990593
0.963164
1.02287
0.993049
1.01118
0.959309
0.98194
1.00619
1.01328
0.998507
1.01074
1.00182
1.00606
1.00813
1.02631
0.980721
0.957952
0.973796
0.982181
1.01672
0.990336
1.02698
1.03617
1.02847
0.961712
1.01962
0.9586
1.00338
0.997316
0.993031
0.969885
0.997959
1.03238
1.03631
0.940561
0.946761
0.993677
1.01063
1.05571
1.05512
0.994285
0.957709
0.970855
0.984673
1.00226
0.961354
0.949996
0.982353
0.967344
0.987547
1.01605
1.00961
1.012
1.03379
1.02366
1.0053
1.00119
1.00268
1.02222
1.00899
1.03302
0.979785
1.00401
1.04822
0.969616
1.0168
0.984623
1.01575
1.01002
1.01274
0.9853
1.00006
0.941204
1.01179
0.994075
0.978407
1.00353
1.02519
1.0098
0.987419
0.98208
1.01477
1.03558
0.992009
0.98508
0.981935
0.983298
1.0211
0.997177
1.0029
1.01468
0.995608
0.967819
1.03778
0.985013
0.960964
1.0223
0.986432
1.00193
1.01246
0.988137
1.02836
0.980762
0.992289
0.976283
1.03375
1.06623
0.997079
1.00582
1.01868
0.967573
1.00406
0.982014
1.01929
1.01849
1.00781
1.00018
0.970145
0.991274
1.03409
1.00778
0.992795
0.987907
1.01575
1.0077
0.99197
1.0062
1.01061
1.0024
1.03835
1.00275
0.987996
0.974007
1.01195
0.980356
0.995157
1.02
1.02909
0.9733
1.01119
0.978189
0.98377
1.00985
1.02226
1.01395
0.996067
0.984454
0.949916
1.04201
1.00328
1.00105
1.00154
0.989949
1.01175
1.02039
0.981281
0.944183
0.997719
1.03504
1.00088
0.969439
0.982306
1.00951
0.988041
1.023
1.01882
0.97286
0.965533
1.04231
0.952356
0.993113
0.971678
1.03796
0.971303
1.00171
1.02321
1.02686
1.00208
0.990076
0.971776
0.994072
1.00144
1.00089
0.972809
0.999356
1.01909
0.978135
0.951983
1.03852
0.997824
1.07963
0.965326
1.00777
1.04371
0.976493
0.970681
0.971892
0.989803
0.992206
1.02005
1.00259
1.02931
0.97929
1.00604
1.00398
1.00933
0.972662
1.00518
0.966363
1.01268
1.0069
1.00777
0.954862
0.967788
0.973332
0.9757
0.977545
0.955121
1.00836
1.04205
1.01052
0.981563
1.02873
0.989034
0.978909
0.997669
0.963892
1.0083
0.996138
0.970856
1.01546
1.02482
0.956176
0.983628
0.994905
1.01003
1.00183
1.01472
1.01864
1.00365
0.991915
0.980296
1.01811
0.97785
0.961664
1.02026
0.983484
1.04758
0.969749
1.02368
0.962014
0.971665
0.993166
1.01279
0.99894
1.02431
0.971683
0.980833
0.988758
1.00096
0.952881
1.02895
0.99399
0.9753
0.998533
1.08079
0.957257
0.99326
0.995609
1.00768
1.01903
1.00896
1.0279
0.99531
0.994799
0.983094
0.974017
0.992163
1.00131
1.03904
0.994214
1.01117
0.984842
1.02107
1.0273
1.02604
0.986962
0.991076
1.01276
1.01468
1.06134
0.970466
0.974464
1.0109
0.996171
1.00536
1.03174
0.985509
1.01175
0.998145
0.973569
1.00634
1.03261
0.993008
0.988984
0.950042
0.99248
0.974255
1.01271
0.98742
0.976784
0.977095
0.998992
0.974962
0.980511
1.00327
0.986367
1.00884
1.02436
1.00941
0.932992
1.03301
1.01135
1.06154
1.01271
0.997723
0.980693
0.986631
1.0096
1.03744
1.03919
1.00891
1.00037
0.97337
0.952049
1.00955
0.973432
0.982146
1.02927
1.0432
0.973469
1.01616
0.954116
0.998405
1.01354
1.00481
0.987608
1.07302
1.01054
1.00693
0.986694
0.964619
1.01393
1.01885
1.02705
0.971175
0.974867
0.994856
0.990971
0.987997
0.978028
0.996993
1.03691
1.02601
0.967073
0.98423
1.01792
0.95777
1.01185
1.02236
0.998935
1.02804
0.957436
1.0134
0.986665
0.940182
0.991166
1.02854
1.01643
1.00873
1.02814
1.00509
1.00794
0.982777
1.02306
0.987286
1.01467
0.969863
1.01985
0.998193
0.981245
1.0175
0.999928
1.00218
1.01247
0.984366
0.987054
0.978574
1.02347
0.99549
1.00045
0.963839
0.971106
1.00078
0.987204
1.02321
0.997487
0.976276
1.04459
0.954104
0.973254
1.00672
1.00679
1.0245
0.977302
1.01256
0.957489
1.01981
1.00111
0.968472
1.02329
1.04187
0.984035
0.984297
0.99949
1.01613
1.03515
1.0321
0.985653
1.04217
1.00764
0.973805
0.971269
0.980189
0.98206
0.990898
1.03618
1.05016
0.985132
1.02003
0.968846
1.04448
0.985423
0.966573
1.03517
1.03023
0.961392
1.02143
0.971142
0.963608
1.00607
0.996893
0.994292
1.0184
1.00653
1.06663
0.994107
0.995341
0.996295
1.02575
1.0218
0.986413
1.01478
1.01867
0.986254
0.994018
0.980348
0.975545
0.991844
0.980635
0.985886
0.96716
0.957885
1.01013
1.00616
1.00244
1.03625
0.963788
0.961409
0.998972
0.998524
1.03344
1.01625
1.04642
1.0247
1.00587
1.02714
1.00888
0.947296
1.05724
1.02036
1.02783
0.99215
0.980704
0.978025
0.97823
0.97308
1.00154
1.01918
0.974345
1.05458
1.00989
1.02702
0.970888
0.970309
0.960489
0.957733
0.98872
0.99278
0.987421
1.01815
0.90979
1.03654
1.01126
0.965026
1.03978
1.03891
1.02228
0.986314
0.989562
0.983046
0.973549
1.02868
1.00566
0.953425
0.987131
1.0176
1.02583
1.01179
1.02732
0.998703
1.05526
1.00099
0.957433
0.966505
1.05846
0.955618
1.00179
0.997405
0.989113
0.991288
1.00065
1.01337
0.990923
0.980517
1.01924
1.03358
1.02142
0.971941
0.992653
1.00743
1.01678
1.0192
0.972164
0.933342
1.00467
0.989436
1.02117
1.01716
1.0305
0.987185
0.997253
1.00798
1.0168
1.00822
0.991791
1.0227
0.999101
0.961779
0.99536
0.973431
1.02693
1.00629
0.970776
1.04398
1.01029
1.00095
0.996546
0.985491
0.996849
1.00941
0.942366
0.985179
0.984234
0.983821
0.947496
1.039
1.0282
0.980064
0.987323
1.02765
0.945214
1.03307
0.999085
0.996191
1.00248
0.998586
1.03345
1.00907
0.960137
0.991094
0.993068
1.00508
1.05643
1.03021
0.994536
0.989398
0.993435
1.01613
0.985932
0.979372
0.957231
1.04391
0.956252
0.966165
0.956561
0.974682
1.03311
1.02389
1.01112
1.03931
1.02343
1.00346
1.01167
1.01321
1.02206
1.01272
1.02406
0.981891
0.987453
1.01512
1.04067
0.997335
0.985431
0.979996
0.992532
1.0493
1.02331
1.00113
1.00731
1.00894
1.00127
0.961277
1.02632
1.01813
0.975406
0.96987
0.974219
0.9768
0.987083
1.01349
0.994036
0.998626
0.994558
0.997275
1.03734
0.977432
1.01139
0.995424
1.01296
1.05719
0.952431
1.00041
0.993241
1.01209
1.00974
1.02728
0.923484
0.987155
0.96353
1.00935
1.01098
0.983856
1.01108
0.99503
0.947996
1.02163
0.993814
0.997505
0.986553
0.987315
0.951501
1.0052
1.03443
1.01314
0.990312
1.01302
0.976052
1.00714
1.01799
0.950785
0.991769
1.0537
1.0179
0.984999
0.991423
0.984992
1.02227
0.999441
0.993241
0.974358
0.973842
0.995976
0.97425
1.00855
0.995488
1.02435
0.995063
0.997722
0.987502
1.0077
1.00226
1.06823
1.02369
1.00417
1.00031
0.99566
0.999894
1.00732
0.993323
1.00497
0.994241
0.982916
0.998848
0.969502
0.973358
1.02038
0.984069
1.01628
1.00498
1.01624
1.0121
1.06063
1.02523
1.02293
0.969276
1.01805
1.02087
1.02322
1.00384
1.00002
0.993034
0.99999
1.00315
0.929419
1.02028
0.975997
1.01347
0.986088
1.03831
0.985716
0.963434
0.997754
0.985381
1.01419
1.00125
1.0157
1.03349
1.00776
0.993432
1.01366
0.981579
0.990924
1.0015
0.999896
0.986713
1.03414
1.00227
1.04593
1.01334
1.01668
0.98502
1.05071
1.00053
1.02791
0.941871
0.994278
0.97959
0.992278
0.976752
0.988355
0.986965
0.950717
0.984626
0.969969
0.962691
0.959573
1.01359
0.973881
0.993489
0.99649
0.97085
1.03234
0.996014
1.0169
1.02298
0.96636
1.00995
0.992057
0.996669
1.01578
1.04995
1.01484
1.01082
1.01692
0.983279
1.02605
1.00454
1.00449
0.960772
0.993564
1.01444
1.01008
0.962998
0.984158
1.02307
0.998927
0.975616
0.978625
0.98507
1.03608
1.03642
1.00474
0.955421
0.976372
1.00608
0.975846
0.993907
0.986935
1.03121
1.01334
1.02665
0.985278
1.02697
0.982688
1.03439
0.950601
0.996521
1.05158
0.975241
0.984466
0.989487
0.995756
1.00992
0.976923
0.99427
0.987193
1.00376
1.01652
0.942638
0.996327
0.94633
1.00969
1.00486
0.982996
1.03216
0.990196
0.948986
1.00161
0.983171
1.01133
0.98836
0.9848
1.02594
1.01017
1.02921
1.00143
1.00457
0.997521
0.97567
1.02204
0.981493
1.00307
1.01894
1.02704
0.98423
0.937143
0.97352
0.997571
1.0398
0.993846
1.004
0.974318
0.986452
1.00732
1.02674
0.994336
1.02038
1.0271
0.998725
1.02153
1.01898
0.988465
0.983059
1.06406
0.999703
0.962442
0.982394
1.04154
1.01279
1.01171
0.99647
0.995871
0.983395
0.969309
0.991291
1.02316
0.965564
0.998939
0.972578
0.999125
1.0348
0.997582
0.967678
1.01366
0.98029
0.976243
1.01895
1.0148
0.992735
0.999106
0.993778
0.983995
0.946404
0.938748
0.967048
1.00367
0.964048
1.00078
0.997372
0.990748
1.03723
1.03062
1.01132
1.04984
0.954235
0.957043
0.9809
0.983445
1.05376
0.993597
0.996828
1.01791
1.00955
0.972373
0.999525
1.00728
0.998456
1.02334
1.01891
0.984774
1.03185
0.992254
1.00044
0.985038
0.985076
0.966599
1.02838
1.03787
0.975372
0.998987
1.00432
0.961356
0.975056
0.967776
0.99394
1.01671
1.02717
0.978172
0.985473
0.983136
1.02427
0.976816
0.944584
1.01164
1.01097
0.986417
1.03695
0.956039
0.980232
1.00789
0.981229
1.03888
0.994595
1.02487
0.997848
0.988212
1.02608
0.974009
0.964792
1.01823
0.976257
0.965469
1.00311
0.987621
1.00371
0.919888
1.01787
1.05122
1.01806
0.967634
0.983383
0.975237
1.01171
1.01151
1.01319
1.02898
1.00986
0.996488
1.04215
0.969529
0.966264
1.03489
0.985234
1.02097
0.963901
1.01317
1.02877
1.01646
0.979465
1.00447
1.00541
1.01706
1.0192
0.995492
0.979904
0.957204
1.01674
0.953975
0.996167
0.995829
1.05041
0.999079
1.01632
0.991448
0.969423
0.991621
0.987834
0.973543
0.960741
1.01728
1.01289
1.01935
1.0376
0.952891
0.998925
1.03031
1.02502
0.993388
0.977129
1.01044
0.953756
1.03744
0.983816
0.983889
0.969533
0.981816
0.974433
0.981068
1.00177
1.03003
0.960992
0.979672
1.02735
1.00196
0.967993
1.00004
1.00541
0.981862
0.991533
1.0374
1.01881
1.02534
0.981699
0.981251
0.986147
0.996453
1.00481
0.980284
0.964948
0.983464
0.978716
0.981122
1.02108
1.01064
1.00027
1.03251
0.996852
1.01548
0.983618
0.998937
0.976446
1.00196
1.03921
1.00663
0.96173
1.03773
0.977287
0.99696
0.973005
1.0308
1.00989
1.02082
1.01656
1.04345
1.00386
0.995031
0.974205
0.991007
0.99554
1.02692
0.999542
0.968445
0.996247
0.929632
0.984279
0.982665
0.989559
1.01182
1.02628
0.978956
1.01614
1.01035
0.997939
0.981205
0.984965
0.991413
0.978763
0.976121
0.9852
1.0021
0.98244
1.03556
0.992654
0.987961
1.00333
1.01751
0.980517
1.01738
0.985933
0.949487
1.01826
0.967796
0.971998
0.986837
0.995663
1.01611
1.0167
1.01809
1.01461
1.02087
1.01319
1.00119
1.02055
1.03772
1.00192
1.00741
0.975109
1.04879
0.99893
1.00406
0.951856
1.01096
0.996398
0.971312
1.03569
0.994819
0.999713
1.01826
0.988825
0.980856
0.99984
1.02535
1.04701
1.00402
0.998065
0.98146
0.971102
0.99963
1.01222
1.00187
0.991857
1.00891
0.992877
1.00091
1.02116
1.01177
1.00101
0.997325
0.985682
1.00246
1.05087
1.02007
1.01289
0.992669
0.978477
1.00825
1.0289
0.956109
1.02987
0.999678
0.981773
0.967302
0.999885
0.959852
1.02031
1.00919
0.996274
1.01591
1.02075
0.975211
1.04778
0.954239
1.03147
1.03986
1.01153
0.986869
0.999585
0.990186
1.01402
0.969918
1.01668
1.02235
1.05217
0.993051
0.997307
1.00049
0.962014
0.971025
0.979103
1.01382
0.944455
1.02102
0.994986
1.01744
0.995707
1.01747
1.02677
0.97919
0.977728
1.0174
1.00514
0.996877
0.981779
0.958213
1.05635
1.02624
1.03144
1.02453
0.995393
1.00912
0.962213
1.00614
0.982026
0.994904
1.01126
0.97861
1.01712
1.01442
1.01727
0.972161
1.02299
1.02231
0.994611
1.00634
1.00584
1.03578
0.990276
0.989804
0.989285
0.965472
1.00758
0.991909
0.972674
1.00275
0.957285
1.04062
0.960852
0.972003
0.98527
0.994353
1.03203
0.96856
1.03848
0.998306
1.02813
0.970175
0.988469
0.965503
0.954956
0.959133
0.97235
0.978192
1.00209
0.984394
1.01015
0.992673
0.973851
0.990232
1.01715
0.966122
1.03095
1.0174
0.987122
0.995753
0.978122
0.934307
0.972827
0.968665
0.979686
0.99353
1.02599
1.02364
0.999364
1.05246
0.977744
1.02222
1.03214
0.97782
1.02559
0.956023
0.993556
0.932878
0.987694
1.01669
1.07046
0.967122
0.978773
1.01106
0.97168
0.986007
1.02615
1.00493
1.03922
0.971373
0.982957
1.00977
0.986431
1.01613
1.0522
0.995313
1.01752
0.971258
0.978817
1.03005
0.988682
1.0436
0.985569
0.97001
0.997794
0.996181
0.982574
1.02901
1.01213
0.986988
1.00696
0.977608
0.993806
0.989092
1.02096
0.958966
0.983686
0.967642
1.03065
0.9847
0.998631
0.966855
1.01041
1.00978
1.01668
1.06911
0.982487
0.963804
1.00772
1.01692
0.997751
1.0207
1.0195
1.01551
1.00435
1.02867
1.02295
0.991949
1.03993
1.01914
1.01537
0.987294
1.05837
1.0085
0.97027
0.959054
1.00249
1.01292
1.01145
0.974344
1.00504
0.982597
1.02726
0.970354
0.972354
1.02739
1.0061
0.960586
1.00854
1.0153
1.00595
1.02174
1.03865
0.990941
1.00567
0.977027
1.0141
0.999312
1.01577
1.00885
1.00777
1.02098
0.982421
0.979653
1.0133
0.995355
0.950431
0.997894
0.96873
0.99542
1.02261
1.07472
0.969523
0.932147
0.954741
0.994827
1.02011
1.00717
0.991581
1.00261
1.01697
0.991914
1.00773
1.01066
1.04547
0.959566
0.961388
1.02405
0.997232
1.00425
1.02686
0.994789
1.05993
1.00917
1.00455
0.998
0.974676
1.00958
1.03009
1.01236
1.04067
1.01712
1.00848
0.983957
0.948697
0.967482
0.942491
0.948523
1.01044
0.983492
1.00714
0.998069
1.01496
0.965755
0.978154
1.06736
0.99567
0.990032
1.02381
0.998609
0.991504
1.01185
0.980396
1.03116
0.985352
0.97725
0.983966
0.98704
0.973137
1.00586
0.958012
0.981126
0.977642
0.981421
0.985089
1.00352
0.982912
1.00047
1.00313
1.04392
1.01614
0.981442
0.967096
1.02999
0.980571
0.964902
0.964457
0.979858
0.983121
1.00756
1.06656
0.984692
1.0226
0.986468
0.940766
1.04804
1.01478
1.01203
1.00111
1.03546
1.05595
1.00445
1.06158
0.97895
0.984085
0.979189
1.02974
1.03373
0.996473
1.04038
1.01762
1.0092
1.01733
0.964415
1.04477
0.968212
1.03328
0.989881
0.982572
0.986825
0.977817
0.992958
0.96948
1.02296
1.03013
1.04465
1.03518
0.96421
0.998853
1.04187
1.00628
1.01302
1.00435
1.00694
1.02251
0.951789
0.983554
0.967988
1.024
0.987498
1.04538
0.982005
0.945258
0.976096
1.01978
1.03263
0.997399
1.0195
0.998737
0.978893
0.997012
1.04556
0.99208
0.973888
1.01142
1.02078
1.01181
0.978372
1.00868
0.979942
1.01795
1.01197
1.02286
0.979038
1.02977
1.00097
1.02637
1.01139
1.03293
1.02148
0.987736
1.01882
1.00497
1.04914
0.971638
0.995979
1.01842
1.029
0.985801
0.967415
0.989426
1.0331
0.984423
0.976618
1.00647
1.02412
0.934731
0.985745
0.982262
0.969751
1.01577
0.993602
1.01583
1.0281
1.0163
0.975006
0.995105
0.995189
0.998466
0.990418
1.00652
1.00671
0.984483
1.01085
0.9817
1.02411
0.983653
0.997431
0.947432
1.01634
0.977927
0.994612
1.01826
0.989935
1.01108
1.03396
0.996744
1.01243
0.984359
1.01448
0.99331
0.997212
1.00977
1.01812
1.00063
0.993888
0.994727
0.968122
1.01559
1.01451
0.99677
0.96177
1.01576
0.977932
1.02009
0.995123
0.987692
1.00507
1.04937
1.06066
0.999654
1.02656
1.00687
1.03244
0.997876
1.00414
1.01915
0.927847
1.00032
1.0477
0.99867
0.970175
0.987464
0.976708
1.01554
0.998843
0.986633
1.04455
1.00984
0.996249
0.987622
0.99217
0.959075
0.972626
0.993491
1.01497
0.988417
1.02285
0.976035
1.02566
1.01286
0.963602
1.02414
0.9927
0.990781
1.0021
1.0037
1.01252
1.00132
1.00883
0.9753
0.983398
1.0031
1.02006
1.02543
1.01502
0.975989
0.986396
1.03347
1.02749
0.999301
0.971079
0.944448
0.976718
1.04099
0.968112
1.00674
1.00821
1.00649
1.00315
0.997978
1.01552
1.01813
1.00196
1.00562
1.00197
0.999267
1.03239
0.984537
0.934847
1.01456
1.02738
0.954406
1.0192
1.01645
1.01277
0.988133
1.02157
0.993002
0.988152
0.966136
1.00359
0.984288
0.964893
0.97573
0.993343
0.999227
0.988669
0.97882
1.01744
1.00547
1.04374
1.0107
0.965363
1.00112
0.984621
0.966025
0.96713
0.974906
1.00443
0.9834
1.03843
0.989463
0.998461
0.971449
1.0576
0.993591
1.02679
0.980044
1.00255
0.968608
1.00478
1.01371
1.0196
1.03211
1.02438
0.995296
0.988495
1.04677
1.04366
1.03905
0.968597
0.983054
1.02391
0.984128
0.979612
1.01465
1.00678
0.965999
1.01167
1.00211
1.02651
0.998172
1.03042
1.00167
1.01143
0.952593
1.00238
1.01444
0.958555
0.968124
1.01644
1.01602
1.01462
0.986115
1.02219
0.973074
1.03256
1.01994
0.977767
1.02184
1.01737
1.03627
1.00369
0.973932
1.02062
1.01889
0.985405
0.990476
1.0026
1.0132
1.00091
0.9969
0.999654
0.99899
1.01163
0.979556
0.973642
0.977468
1.00344
1.00654
1.02254
1.04355
0.968596
0.969826
1.01168
1.02079
0.960557
0.991346
1.01637
1.02061
1.00536
0.966302
0.993272
1.01203
0.987783
1.01097
1.02259
1.02272
0.974885
0.958661
0.975643
0.96394
1.03115
1.01377
1.03312
0.98621
1.00829
0.987779
1.00085
0.996578
1.00795
0.995374
0.985122
0.998185
1.03804
0.988731
1.0141
0.985893
1.03091
1.0217
0.991963
0.970041
0.995777
1.01726
0.93411
0.988708
1.03585
1.01826
0.990763
0.993003
0.972086
1.01672
0.998403
1.04361
0.941039
0.995653
1.00791
1.0137
0.980556
1.03649
1.02325
0.98076
0.942981
0.976971
1.03905
0.999568
1.00556
0.966192
0.992459
1.00332
0.980735
1.00816
1.02625
0.98836
1.01548
0.986207
0.978303
1.03249
1.02887
1.01488
1.04088
1.03605
1.02616
0.976648
1.00225
0.96268
1.01269
0.970256
1.03212
1.00271
1.01855
0.969758
1.00193
0.993013
1.03185
1.04028
1.02138
0.963874
0.98054
0.959757
1.01554
0.967943
1.00263
0.973212
1.03816
0.983625
0.95475
0.976507
0.988964
1.0438
0.995678
0.992328
1.01476
1.03124
1.02329
1.0045
0.968087
1.02972
1.02337
1.01761
1.00529
1.0167
1.0206
1.00714
1.0098
1.02881
1.00965
0.965576
0.996221
0.997117
1.00407
1.03783
1.03553
1.01997
1.00318
0.998182
0.975196
1.04596
1.01437
0.993552
0.942429
1.00933
1.00726
1.01325
1.03138
1.05092
1.01938
1.02227
1.00768
1.01678
1.02024
0.987485
1.01101
1.01894
0.991364
0.978015
0.987456
0.985399
0.994807
1.00946
0.988224
1.00813
0.989149
1.02348
0.98783
0.99186
1.00706
1.03536
0.987454
1.01436
1.01354
1.01056
1.0215
1.00206
0.999139
1.0215
1.06828
0.988787
0.987456
0.977048
0.996383
0.990895
1.04367
1.01434
1.01633
0.977232
1.00031
1.00632
1.03884
0.993359
1.00085
0.995428
0.998577
1.03316
0.978005
1.00073
1.05836
1.00857
0.968596
0.986415
0.988183
1.01898
1.02379
1.02165
1.01951
0.97378
0.965802
1.00035
0.983448
1.03319
1.0145
1.0339
0.973825
0.970734
1.0136
1.06563
1.0475
1.01377
0.978621
0.968666
0.995238
0.972457
1.01081
1.00377
1.00644
1.01191
1.00448
0.994753
1.01456
0.972144
1.01083
1.01184
0.961457
1.01219
0.963328
0.966736
1.0003
1.05358
0.999959
1.01554
0.993049
1.04377
0.938407
1.00393
0.973978
1.00044
1.02329
0.98605
1.01566
0.973837
1.01127
0.983039
0.977032
0.997836
1.03419
0.963425
1.04499
1.05079
0.960383
0.958291
1.03364
0.978494
1.0108
1.00221
1.00324
0.977152
1.08001
0.993288
1.03228
0.934043
0.9945
1.08539
1.06079
0.99646
1.00292
1.01024
0.993518
1.02753
0.994364
1.04882
1.00252
1.03341
0.939405
1.01665
0.999132
0.997169
0.980874
0.97972
1.00614
0.996319
1.04223
1.02756
0.979427
0.924211
1.01482
1.00618
1.04752
0.98169
0.997825
0.962747
1.01894
0.999948
1.02818
0.996849
1.00908
0.995625
0.990035
0.987789
1.03648
1.0644
1.00962
0.983901
1.0215
0.971894
0.97048
0.977906
1.04214
1.00505
1.01969
0.990139
1.0295
0.953906
0.995521
0.986921
0.994931
0.989215
1.00437
1.03054
0.999322
1.02426
0.969629
1.04466
1.01257
0.981467
1.00808
0.975823
1.018
1.04655
1.02644
1.02411
1.0044
0.990263
1.0122
0.992312
0.970215
1.0232
1.01988
1.00798
0.986017
0.979986
1.03441
0.961273
1.03291
1.01431
0.995449
0.962188
1.00335
0.999504
0.976919
0.980585
1.01235
0.955065
0.9992
1.00829
1.02314
1.02436
1.02916
0.968538
1.03019
0.945278
1.00819
1.01563
1.00689
1.01157
1.02353
0.99648
0.992298
1.00166
1.01311
1.01814
1.06125
1.02523
1.03764
0.986773
0.97386
1.00475
1.0133
0.999936
1.01152
0.981107
1.00486
1.03101
0.984891
0.99243
1.00448
0.983719
1.03421
0.977711
0.979249
0.984684
1.0104
1.02208
1.05291
1.00046
1.02578
0.981377
0.963846
1.03978
1.0194
0.992713
0.997589
1.02859
1.07093
0.996295
1.03418
1.01452
0.997188
1.04231
0.999721
0.973263
1.01605
1.01383
0.986298
0.958017
1.0183
1.04916
1.01292
0.977136
1.02378
1.01594
0.960357
1.02979
1.00759
1.01446
0.987826
0.989811
0.979805
1.03084
0.924145
0.999885
0.998534
1.01778
0.978367
0.967386
1.02162
1.04649
1.02825
1.01411
1.00488
1.01085
1.01282
0.972771
1.00062
1.02622
0.985981
0.999346
1.01841
1.01388
0.981976
1.01918
1.00975
1.00361
0.981227
1.01048
0.944325
1.01209
1.02509
0.99592
0.962024
0.987841
0.986
1.02682
0.990596
1.00229
1.00377
1.06283
0.963322
1.00211
0.942962
0.991916
0.984992
1.00856
1.01312
0.994872
0.994361
0.95942
1.04583
1.0145
1.04692
0.993269
0.98643
1.03552
1.01387
1.02595
0.985126
0.921473
0.987977
0.975769
1.01688
0.995291
0.979067
0.989832
0.999811
0.998237
1.02382
1.03478
0.996999
1.01265
1.03652
0.999477
1.00102
0.992445
1.02602
0.965407
1.02095
1.01049
0.994334
1.01719
1.04179
0.94781
0.999455
1.03858
1.01735
1.00482
0.999004
1.0502
0.998996
1.02319
1.02919
0.970546
1.00079
0.992953
1.00787
1.00946
1.02123
0.991784
1.02567
1.01149
0.97018
1.00745
1.00121
1.00205
0.958314
1.00196
0.984116
1.04449
0.992763
0.970021
1.03862
1.00399
0.997262
0.954683
0.996004
1.03394
0.995582
1.03134
1.04417
0.989967
0.961148
0.980717
1.00023
0.988746
1.02051
1.03359
1.01883
1.04008
1.04124
1.0165
1.03889
0.987317
0.988772
0.974043
1.00381
0.96643
1.00472
1.02897
0.96247
1.05912
1.00025
1.02659
1.05555
1.00379
1.03339
1.00619
0.984246
0.99681
1.01379
1.00197
1.00136
0.975692
0.978345
1.01527
1.00911
1.00392
1.0285
1.02273
0.981188
0.979899
0.951904
0.988763
1.01235
1.0138
0.975942
1.01048
1.04925
1.0039
1.01215
1.00418
0.973959
1.03466
0.987425
1.02811
0.988818
1.02737
0.980975
1.04146
1.00469
0.979315
0.980626
1.00037
1.03544
0.998623
1.00617
1.01698
0.993934
1.04961
0.978176
0.99768
0.994649
1.03678
0.967898
0.922452
0.981968
1.02911
0.968432
0.984102
0.996892
0.994657
1.03331
1.00294
0.973479
0.99179
0.997867
1.03154
1.02575
1.05207
1.0135
0.990132
0.97608
1.01367
0.966883
0.994533
0.971559
0.985894
0.97737
0.962495
1.03884
0.984558
1.0453
1.0324
1.01035
1.0166
1.0348
0.967152
0.987499
1.02519
0.987973
0.986401
0.945264
0.986595
0.99366
0.973142
1.01777
1.06086
1.00374
0.976482
0.958048
0.996873
1.02635
1.01003
0.986375
0.953792
1.02715
1.01582
1.03535
0.973121
0.972107
0.964006
0.995444
1.00546
0.993722
1.02753
0.966658
1.0134
0.962672
1.00055
0.964918
0.983296
0.951321
1.01085
0.983792
1.0625
1.07216
0.994334
1.02266
0.985729
0.996893
0.986021
0.990719
0.972576
0.991843
0.997653
1.02394
1.00989
1.04917
0.990045
0.975866
1.02922
1.04264
1.00205
0.967606
0.986058
1.03725
0.987327
0.993462
0.971205
0.987017
1.00653
0.987942
1.00126
0.988737
0.999336
1.01489
1.02795
1.00218
0.991001
1.01533
1.03051
1.0087
0.983078
1.00893
0.969809
1.01952
1.00454
0.938173
1.00912
1.01899
1.0198
1.04164
0.963788
1.00578
1.01301
1.03183
1.01642
1.01432
0.966207
0.987067
1.01053
0.999001
1.02426
0.996904
1.00279
1.00285
0.975987
1.00412
1.02826
0.985656
1.03438
0.990951
1.00687
1.01655
0.99019
1.00389
0.997031
1.0153
0.996745
1.00651
1.00293
0.978265
1.00505
1.0202
0.996206
0.988887
0.987754
1.00132
0.992037
1.00201
1.00035
0.987208
1.00894
1.00007
0.990348
0.995942
1.00219
0.996443
0.993975
1.04574
0.987002
0.993799
0.971479
0.968173
1.01428
0.989016
1.01452
1.01461
0.977745
1.00687
0.985881
0.937623
1.01883
0.97857
0.979193
0.999875
1.00025
0.960629
1.06838
0.951956
0.974997
0.994804
1.00039
0.968634
1.01476
0.999045
1.01154
0.987262
0.974047
1.00449
0.99226
1.01844
1.02587
1.01321
0.95632
1.00312
1.01949
1.00188
1.01928
0.975829
0.954707
1.02248
0.983678
1.04796
0.977107
0.985466
1.01159
0.994011
0.962375
1.019
0.987751
1.03469
0.992775
0.989202
1.01995
1.01274
0.978502
1.00283
1.02252
0.979242
1.01839
1.01559
1.03981
0.96386
1.05849
0.974698
0.961901
1.04588
0.978698
0.991212
0.931899
0.99561
1.02548
0.93826
0.987384
0.986393
1.00448
0.997322
0.993514
0.985972
1.03555
1.03111
0.990117
0.995927
1.01043
0.948504
1.00527
1.01387
0.992138
1.0196
0.965133
1.01729
1.00386
1.00283
1.00142
0.996542
1.04707
1.05253
1.00707
0.959294
1.00575
1.01604
1.05147
0.993317
0.978496
0.960458
0.982389
1.01088
1.00779
1.04869
0.973133
0.987668
1.01232
1.04078
0.994333
0.996897
0.998987
1.00532
0.987163
1.04581
1.01239
0.966855
1.00746
0.995346
1.00155
1.02238
1.03358
1.01654
0.997861
0.98683
1.00644
0.995208
