1.00281
0.996182
1.00128
1.00492
0.998614
1.00437
1.00102
0.998349
1.00015
0.995622
1.00022
0.999942
0.991554
1.00107
1.00264
1.00012
1.00094
1.00114
1.00697
0.998023
1.00041
0.996264
1.00245
1.00067
1.00027
0.99554
1.00194
1.00647
1.00636
1.0006
1.00381
0.992524
1.00356
1.00295
0.992794
0.996277
0.993743
0.994479
0.999103
1.00309
0.999954
0.999029
1.00292
1.00338
1.00811
1.00846
0.997954
1.00798
0.997689
1.00636
0.998915
1.00619
1.00694
1.00237
1.00077
0.999313
0.997106
1.00108
0.99853
1.00322
0.995547
0.999699
1.00583
0.997833
0.994944
1.00095
0.998442
0.999829
0.994568
1.00323
1.00381
1.00544
1.00286
0.994774
0.997318
1.00116
1.00375
0.995195
0.998426
0.99358
0.990416
1.00113
1.0047
0.993827
1.00247
0.998682
0.991729
0.993961
1.00149
1.00194
1.00368
1.00267
1.00896
0.998142
1.0008
0.993078
1.00583
1.00014
0.99518
0.998748
1.00295
0.997239
1.00669
0.998861
1.00381
1.00612
0.998014
1.00554
0.997825
0.999848
1.00502
0.996927
1.00464
1.00165
0.997377
1.00939
0.997146
1.00573
1.00136
0.993738
1.00001
0.995494
0.99752
1.00238
1.00023
1.00056
1.00788
0.99962
0.997729
1.00005
0.99953
1.00175
1.00038
1.00592
1.00304
0.99758
1.00527
0.994308
1.00477
0.997453
1.00396
1.00215
1.0012
0.997887
1.00416
1.00587
1.00121
0.995506
1.00627
0.998274
0.996535
0.994178
0.995705
0.996903
1.00683
1.00597
0.999427
1.00407
0.998895
1.00238
1.00455
1.00112
1.00437
1.00605
0.994834
1.00324
1.00411
1.0038
1.00182
1.00569
0.997323
1.00492
0.995044
1.00483
1.005
1.0027
1.0058
1.00353
1.0015
0.997981
0.999736
1.00577
0.997006
0.997603
1.00675
0.998204
0.997857
0.997039
0.99329
1.00159
0.996295
1.00017
1.00446
1.00266
0.994154
1.00517
1.00222
0.998976
1.00153
1.00085
0.997501
1.00452
0.997397
0.998361
0.997997
0.999331
0.998019
1.0008
0.999957
0.996873
1.00077
1.00407
1.00218
0.995405
0.996431
1.00348
1.00029
1.00273
1.00195
1.00195
1.00776
0.998385
1.00692
1.00097
1.00455
1.00145
0.999547
1.00788
1.00075
1.00465
1.00215
0.996656
1.00175
1.00173
0.998589
1.00054
0.997056
1.00435
1.00219
1.00275
1.00727
0.999336
0.997317
1.00164
1.00213
0.99819
1.00213
1.00187
1.00143
0.998859
1.00655
1.00247
1.00923
1.00752
1.00153
0.998653
1.0068
0.992342
0.999192
0.998236
1.00391
1.00231
0.99859
0.999253
1.00091
1.00279
0.999268
1.00217
1.00404
0.993952
1.00012
0.99852
0.996281
0.994241
1.00024
0.998104
1.00275
1.00167
1.00282
0.998263
1.00358
0.997021
1.00069
0.998471
1.00627
1.00043
1.00232
0.994071
1.00457
1.00259
0.997947
1.00147
0.996881
0.995582
1.00127
0.992582
1.00085
1.00708
1.00269
1.00165
0.998674
1.00232
0.998766
1.00572
1.00639
0.994231
1.00419
0.995242
1.0042
0.99725
1.0019
1.00032
1.0002
0.999901
0.994158
0.998044
1.0007
0.999231
0.996412
1.006
0.999723
1.0034
1.00412
0.997764
1.00159
0.999424
0.994988
1.00002
0.999619
0.99908
0.995567
0.996033
0.999053
1.00015
0.999012
1.00659
0.9969
1.00013
0.994197
1.00327
1.00147
1.00604
1.0033
1.00761
0.997867
1.0021
0.997524
1.00098
0.999555
0.996706
0.996028
1.00485
0.997226
0.999034
1.01016
0.996894
0.997601
0.997856
1.00195
1.00267
0.998359
0.995434
0.996973
1.00127
0.997486
0.994581
1.00198
0.999714
0.995428
0.999062
0.998389
0.995778
1.00443
0.999725
0.998658
1.00099
1.0036
0.99826
1.00413
0.998642
1.0048
1.00241
0.999826
1.00194
1.00534
0.9972
1.00672
1.00093
0.999595
0.995166
1.00173
1.00161
1.00743
1.00213
0.99555
0.998427
1.00507
1.00207
1.00335
0.992987
1.00067
0.997733
0.998679
1.00731
1.00197
1.00186
1.00036
1.00018
1.00351
0.993152
0.994792
1.00448
1.00066
1.00602
1.00262
1.00471
0.999535
1.00118
1.00328
0.999741
1.00377
0.998127
0.999176
0.999699
1.0017
1.00407
1.00112
1.00478
0.998653
1.0035
0.995272
1.00062
1.00495
0.997929
1.00425
0.994907
1.00435
0.999822
1.0033
0.995208
0.993662
1.00164
0.999761
1.00261
0.995778
1.0026
0.998945
0.997298
0.998356
1.00014
1.00022
0.997189
1.00386
0.997667
0.993423
0.99858
1.00426
0.98752
1.00469
0.997583
0.997496
0.997337
0.996791
1.00028
0.998416
1.00181
0.998733
0.995276
1.00265
0.996144
1.00051
0.995497
1.00083
0.997741
0.997943
0.99855
0.998493
1.00328
1.00062
0.993901
0.996341
1.0006
1.00568
0.992466
1.00244
0.99884
0.997913
1.00327
1.00328
0.997953
1.00672
1.00227
0.997416
1.00389
1.00197
0.992718
0.996171
1.00068
1.00857
1.00328
0.994429
1.00091
0.994268
0.996588
0.999619
0.997117
1.00259
0.996779
1.00781
0.999886
1.0007
1.00015
0.996942
0.997702
1.0016
1.00093
1.00648
0.995472
1.00261
0.997792
1.00026
1.00079
1.00237
1.00349
1.0017
1.00067
1.00168
0.993419
1.00011
1.00403
1.00051
0.997978
1.00263
0.995845
0.999228
0.997243
0.998843
1.00401
1.00193
0.993466
0.998203
0.997961
1.00466
1.00346
0.998566
1.00309
1.00161
1.00964
0.995584
1.00405
1.00111
1.00034
1.00042
1.00111
0.997701
1.0004
1.00239
0.999407
1.00772
1.00405
1.00212
0.999299
0.99576
1.00623
0.99735
0.994971
0.999183
0.993563
1.00146
0.994972
0.990405
0.999079
0.993786
1.00159
0.995775
0.991823
1.00484
1.00142
1.0026
0.995633
1.00138
1.00825
1.0012
1.00372
1.00296
1.00419
0.998489
1.00389
1.0032
1.00828
0.997219
0.991654
0.999479
0.998542
0.999657
0.992985
0.999057
0.999084
1.00818
0.995841
1.00881
0.997928
1.00051
0.997669
1.00328
0.997637
0.998151
0.998665
0.998055
1.00531
0.996983
1.00188
0.999165
1.00082
1.00015
1.0014
1.00461
0.99966
0.999517
1.00103
0.997253
0.998458
1.00241
0.994304
1.0072
0.999605
0.99736
1.00286
1.00411
0.99909
1.00296
0.99991
0.997046
1.00661
1.00196
1.00411
1.00416
0.997192
1.0048
0.999564
0.999746
0.996691
0.993106
1.00406
0.998887
1.00359
0.995303
0.997544
1.00149
1.00526
1.00483
1.00106
0.999071
1.00244
0.996008
1.00739
0.994369
0.999401
1.00652
1.00105
1.00124
1.00145
0.998478
1.00343
0.992924
1.00298
0.99779
1.00258
1.00527
1.00033
1.00295
1.00127
1.00764
0.994966
0.998611
1.0018
1.00616
0.999052
1.00161
0.998621
1.00283
1.0084
1.00018
1.00561
0.998106
1.00733
1.00195
1.00038
1.00461
1.00082
1.00465
1.00313
0.997525
1.00132
1.00304
0.999319
1.00318
1.00182
1.00099
1.00272
1.00139
0.99453
1.00835
1.00264
1.00266
0.998668
1.0026
0.998653
0.994008
0.997815
1.00078
0.999644
1.00194
1.00331
1.00363
1.0034
1.00377
0.997974
1.0012
0.99964
1.00377
0.992203
0.997482
0.995726
1.00284
0.993144
0.998961
0.995698
1.00314
0.99783
1.00172
1.00112
1.00195
0.995252
1.00282
1.00265
0.997924
0.99258
1.00046
1.00223
1.0031
0.994439
1.00173
0.99933
1.00074
1.00314
0.99889
1.00249
0.99673
1.00281
0.99132
0.994788
0.997596
1.01037
0.996801
1.00301
1.00064
0.99955
0.997676
1.00303
1.00958
0.996492
1.00305
1.00252
1.00041
0.997953
1.00071
0.999454
0.993305
0.99573
0.997718
1.00752
1.00701
0.996801
0.998531
1.00199
0.996707
0.999931
0.998305
1.00048
1.00176
1.00027
1.00121
1.00031
0.996724
1.00199
1.00456
1.00109
0.993889
0.99859
1.00522
0.997996
1.00074
1.00111
0.995114
0.998385
1.0009
1.00389
0.996968
1.00263
1.00043
0.994656
0.998144
0.997824
1.00233
0.995097
0.996085
1.00495
1.00001
0.997519
0.999923
1.00103
0.997822
1.00489
1.00385
0.999566
1.00092
1.0013
0.996985
1.00545
0.996936
1.00228
1.00063
1.00344
0.996511
0.996056
0.997888
1.00991
0.999476
0.998378
0.993346
1.0037
0.996725
1.00151
0.995368
0.997668
1.00209
0.993396
1.00692
0.999997
0.996061
0.995829
1.00357
1.0006
1.00027
0.996921
1.00012
1.0003
1.00173
1.00148
1.00224
1.00382
0.993467
0.997119
0.988685
1.00062
0.998684
0.998986
1.00229
0.997911
1.00553
0.997802
0.995856
1.00126
1.00355
1.00571
0.99852
0.99245
0.996364
1.00189
1.00759
1.00318
0.997448
1.00269
0.999379
1.00443
1.00253
0.997409
1.00393
1.00014
1.00556
0.996678
0.997413
1.00084
1.00269
0.995995
1.00029
1.00005
0.998167
1.00164
0.998095
0.998088
1.00252
0.999552
0.999437
0.99562
1.00221
1.00656
0.999254
0.999992
1.00144
0.999581
1.00825
1.00047
0.99703
0.99914
0.995064
1.00222
0.997505
0.998134
0.993497
0.999853
1.00005
1.00054
1.00268
0.999664
1.00595
1.00567
1.00269
1.00053
0.99719
1.00374
0.99885
0.999499
1.00246
1.00275
0.995227
1.00165
1.00131
0.999894
1.00059
1.00149
0.995776
0.997023
0.996063
0.996089
1.002
1.00176
1.00225
0.994944
1.00117
1.00544
0.998525
1.00023
0.998578
1.00487
1.0066
0.998368
1.00346
1.00105
1.01242
1.0012
0.999477
1.00205
0.999464
0.997412
0.999269
0.998313
1.00447
1.00292
0.996132
0.998631
1.0024
0.993694
1.00622
0.99226
0.997086
0.994501
1.002
1.00236
0.99908
0.997584
0.996252
1.00106
1.00035
1.0047
0.996707
1.0011
0.997978
1.00145
0.992866
1.00393
0.994455
0.992963
1.00634
0.997655
1.00172
1.00258
0.998432
1.00235
1.00198
1.00431
0.998503
1.00653
0.998894
1.00419
0.997041
0.996807
1.00264
0.997925
1.00476
1.01011
0.998224
1.00769
1.00079
1.00656
0.997075
1.00152
1.00457
1.00261
0.996499
0.999792
0.998941
0.997455
1.00138
0.999575
1.00282
1.00042
1.00155
1.00342
1.00082
1.00188
1.00317
0.998027
1.00044
1.00682
0.998894
0.998232
1.00519
0.998538
0.990386
1.00414
0.996399
0.999391
1.00303
0.993878
1.00231
1.00193
1.00422
1.00096
1.00044
0.997545
0.999665
1.00639
1.0013
0.998996
1.00215
0.995925
1.00444
1.00204
1.00593
0.998016
1.00041
0.997852
1.00043
1.00052
0.995355
1.00062
0.994882
1.00038
1.00048
0.997887
1.00178
0.99529
0.999443
0.9962
0.996961
0.995922
0.99731
0.998079
1.00186
0.99805
1.00546
0.993825
1.00232
1.00286
1.00311
1.00153
0.997508
0.987651
0.995694
1.00317
1.00119
0.996254
1.00197
1.00229
0.997461
0.998006
0.998819
1.00043
1.00449
0.998258
0.999744
0.999673
1.00193
0.996988
0.998262
0.997566
1.00157
0.995123
1.00158
1.00021
0.999377
0.992989
1.00364
0.996459
0.998987
0.997018
0.995578
1.00406
1.00063
0.997593
0.997503
1.00105
0.997443
1.00788
0.995611
0.997524
1.0003
1.00087
1.00002
0.998842
0.996734
1.0076
0.997635
0.996247
0.999413
0.998638
0.999866
0.998576
0.998691
0.997115
0.996524
0.993041
1.00309
0.996025
1.00633
1.00244
1.00517
1.00163
1.00191
1.00063
0.999823
0.998797
1.00259
1.00294
0.996154
1.00407
0.995436
1.00041
1.00057
1.0018
1.00247
0.998802
0.998361
0.996009
0.997347
0.999988
1.00027
1.00271
0.998692
1.00575
1.0012
1.00199
0.996139
1.00151
1.00814
1.00257
1.0011
1.00259
1.00425
1.00339
0.999239
1.00082
1.00055
1.00148
1.00532
1.00462
1.00083
1.00677
0.993739
1.00198
0.999742
1.00369
0.99546
0.999388
0.998476
0.993951
1.00104
0.99351
0.996784
0.995653
1.00274
0.996788
0.999
1.00264
1.0044
1.00453
1.0004
0.996958
1.00287
1.00164
0.998721
0.997629
1.00021
1.00415
1.0012
0.999689
0.995378
0.992462
1.00249
1.00242
0.993765
1.00919
0.996957
0.993842
0.997548
1.00388
0.9997
0.998205
0.99676
1.00249
1.00353
1.00096
0.997263
0.999793
0.997156
0.998114
1.00019
1.00069
1.0069
0.99837
0.996062
0.996304
0.99742
0.999642
0.999628
1.00325
1.00104
0.99646
1.00494
1.00486
0.999617
0.996025
0.996697
0.998153
1.00036
0.998669
0.999833
1.00209
1.00362
1.00051
1.00297
1.00576
0.998134
1.00079
1.00084
1.00121
1.0047
1.00169
1.00028
0.993354
1.00093
0.999831
0.997276
1.00252
0.998208
1.00431
0.998745
0.999444
0.998081
1.00706
1.00213
0.998247
0.998018
1.00028
1.00258
0.999282
1.00294
1.00123
0.997523
0.995151
1.00017
0.999285
1.00277
0.997704
0.998867
0.998955
0.99949
1.00094
0.995697
0.997187
1.00015
1.00552
1.00141
1.00038
0.999639
1.00122
0.998797
1.00044
1.00466
0.998165
0.997792
0.997288
0.997347
0.997427
1.00911
0.99761
0.997368
1.00768
0.998539
0.998142
0.996978
0.996816
0.994784
0.991304
0.99445
0.998639
1.00658
1.00464
0.999633
0.999126
1.00535
0.997684
0.990684
0.995403
1.00299
1.00302
1.00142
0.999664
1.00031
0.995316
1.00429
0.995247
0.995026
1.00408
1.00015
1.00016
0.996385
1.00055
0.999959
0.999072
0.997914
1.00017
1.00155
1.00112
0.999744
0.995159
1.00062
0.998305
1.00413
0.993502
1.00257
1.00432
0.998823
0.995983
0.998787
1.00191
0.994128
0.998386
1.00193
0.998559
1.0059
1.00049
1.00601
1.00114
1.00458
1.00074
0.998997
1.00468
1.00244
1.00672
0.999258
0.997285
1.00927
0.99921
0.999222
1.00406
0.998012
0.998112
0.994925
0.995034
1.00061
0.999997
1.00604
0.99721
1.00042
0.99238
1.00301
0.997836
1.0041
1.00099
1.00131
1.00123
1.00248
1.00267
1.00291
1.00246
0.999549
1.00292
1.00377
0.999377
1.00041
1.00365
0.996782
1.00653
0.995943
0.998833
1.00146
0.998643
0.997643
1.00034
1.0026
0.9985
1.00079
0.998509
1.00268
1.00584
1.00675
1.00141
0.996538
0.997119
1.00407
0.999446
0.992735
0.992279
1.00421
1.00226
1.00738
0.99372
1.00902
1.00015
1.0044
0.992907
1.00027
0.989161
1.00178
0.997384
0.994101
0.999079
1.00137
0.999595
0.997872
0.999443
0.994614
1.00453
1.00533
1.00027
0.997829
0.994729
0.999117
1.00289
0.997499
1.00133
1.00186
0.997169
1.00057
1.00036
1.00258
0.99812
0.998923
1.00166
0.995749
1.00232
0.99609
0.99516
0.998941
1.00647
0.999317
1.00083
0.997605
0.999973
1.00698
1.00468
1.00519
0.998727
0.998863
1.00536
1.00129
1.00277
1.00268
0.999509
1.00985
0.998062
1.00503
1.00333
0.997405
1.00061
1.00251
0.999413
0.994153
0.99651
1.00246
0.998149
0.999799
0.998558
0.998816
0.996521
0.996579
1.00437
0.998325
1.00698
0.995707
0.999302
1.00631
0.998461
1.0005
0.998312
1.00399
1.00288
1.00266
1.00129
1.00247
0.995271
0.999093
0.99991
0.999513
1.00424
1.00312
0.999004
1.00344
1.00056
0.994056
1.00226
1.00309
1.0028
0.998641
1.00049
1.00724
0.998813
1.00408
0.994506
1.00643
1.00099
1.00059
0.996784
0.99277
1.00014
1.00457
0.998247
0.997022
1.00134
1.0012
0.999874
1.00443
1.00347
1.00199
1.00461
1.00221
0.998968
0.998875
1.00381
1.00003
0.997556
0.995852
0.996267
1.00249
1.00395
0.994876
1.00564
1.00471
1.00349
0.997639
0.998114
1.0068
0.997767
1.00173
1.0014
1.00676
1.00131
0.999743
1.00633
0.999657
1.00533
0.999608
0.996589
1.00407
1.00331
1.00025
0.996915
0.998833
1.00074
1.0012
0.99713
0.996778
0.994035
1.00086
0.99439
0.997388
1.00409
0.99826
0.996264
1.00376
1.00366
0.999877
1.00073
0.996012
1.00092
0.999057
1.00149
1.00029
1.00705
0.997199
1.00502
1.00808
0.994005
0.999836
1.00123
1.00086
1.00015
0.996135
1.0003
1.00447
1.00207
0.999842
1.00229
1.0059
1.0043
0.99889
0.999503
0.999645
1.00107
0.998772
1.003
0.998812
1.00304
0.998259
0.991787
1.00471
1.0061
1.004
0.997464
1.00472
1.00245
1.00145
1.00092
1.00506
1.00725
1.00068
1.00132
0.995308
0.998569
0.997132
1.00694
0.992288
1.00157
0.992545
1.00566
1.00328
1.00038
1.0019
1.0013
1.00278
1.00543
1.00571
1.00039
1.00031
1.00209
1.00638
1.00598
0.99784
0.99701
0.99995
1.00196
1.00156
1.00699
1.00335
1.00147
1.00089
1.00021
0.99976
1.00418
1.00061
0.994989
0.997774
0.996497
0.991312
1.00066
0.99762
1.00159
1.00215
1.00352
1.003
1.00455
1.00234
1.00257
0.998987
0.999795
1.00387
1.00311
0.996006
1.00083
0.996813
1.00297
0.993428
0.996776
1.00251
0.99597
0.997524
1.00129
0.992212
1.00177
1.00127
1.00186
0.998145
1.00295
0.997997
1.00492
1.00487
0.991097
0.998655
0.993029
0.996479
1.00481
0.997351
0.994935
1.00409
1.0099
0.999354
1.00061
0.998128
1.00019
1.01127
1.00213
1.00609
1.00154
0.999659
1.01082
0.998729
1.00338
0.998238
0.993271
0.994894
0.99466
1.00311
0.998419
1.00395
0.99856
0.99657
1.00557
0.999402
1.00227
0.996991
1.00551
1.00188
0.999852
0.998605
1.00079
0.994774
1.00288
1.00104
0.995723
0.997348
1.002
0.994538
1.0055
0.998934
1.0044
0.998748
0.999193
1.00535
0.99197
1.00312
0.993971
0.996188
1.0035
0.991761
0.998329
0.997385
0.994797
0.999858
1.00069
1.00637
1.00311
0.999204
0.996584
1.00285
0.998573
0.998298
0.995883
1.00442
0.994758
1.00175
0.9989
1.00022
1.00384
1.00224
0.99917
0.992112
1.00408
1.00156
0.996529
0.998416
0.996081
1.00004
1.005
1.0024
0.998357
1.00376
1.00068
0.99975
1.00544
0.998507
1.0033
0.994867
0.998285
0.998153
0.998378
0.993567
1.00366
0.997636
0.992986
1.00063
0.994336
0.999864
0.999494
0.996658
1.00071
1.00124
1.00524
1.00403
0.998483
0.999543
1.00531
1.0002
0.998942
1.00199
1.00833
0.988152
0.995954
1.00209
0.999289
1.00121
0.99692
0.99975
1.00206
0.993402
1.0056
0.996107
1.00076
0.9955
1.00596
1.0006
1.00302
1.00065
0.999876
0.999912
0.998309
0.993909
1.00046
1.00169
1.00281
0.998956
0.99497
0.995481
0.999627
1.0008
0.997918
0.996551
0.99678
0.999681
0.992874
1.00031
0.9982
1.00981
1.00868
1.0052
1.00329
0.998066
1.00409
1.00562
0.997831
0.997647
1.00258
0.996375
0.998809
1.00332
0.999217
1.00666
0.998372
1.00163
1.00205
0.999902
1.00326
1.00234
1.00309
1.00522
0.999449
1.0008
1.00246
1.00036
1.00091
0.998214
0.999028
0.9992
0.99797
1.00199
0.998964
0.994335
1.00518
1.0004
0.999518
0.991583
1.00312
0.997466
1.00083
0.999992
0.994796
1.00476
1.00507
0.997631
1.0076
1.0038
1.00598
1.00353
0.998935
0.999158
1.00403
0.999904
1.00254
1.00109
1.00057
1.00392
0.993584
1.00088
0.994312
0.99711
1.00137
0.996253
1.006
0.999938
1.00017
0.997877
1.00882
1.0017
1.00644
0.998213
0.995397
0.996007
1.0017
1.00439
1.00413
1.00247
1.00113
0.992699
0.996036
1.00113
1.00506
1.00018
1.00128
1.0039
1.00336
1.00595
1.00225
0.991872
1.00077
1.00132
0.998065
1.00056
1.00047
0.999246
0.999419
0.996974
0.997733
1.00307
1.00278
0.996917
1.0072
0.997558
0.999049
0.998793
0.992538
0.995219
1.00106
1.00227
0.999035
0.997346
0.996754
1.00361
0.993771
0.997078
1.00217
1.00243
0.996891
0.999853
0.997732
1.00011
1.0041
1.0018
0.999697
1.00271
1.00206
1.00612
0.9988
1.00133
1.00328
1.00067
0.992201
0.998558
0.996101
0.998223
0.994855
0.997484
1.00322
0.994075
0.998293
1.00244
1.00289
1.00151
0.995439
1.00252
0.999822
0.99857
1.00019
1.00225
0.998807
0.99635
0.997262
0.996277
1.00515
0.997407
1.00303
1.00359
1.00208
1.00075
1.00308
1.00763
1.00469
1.00443
1.00095
0.999002
0.998309
1.0047
1.00156
0.99937
0.995902
1.00328
0.999365
1.00901
1.00646
0.997113
0.998913
1.00481
0.998474
0.996272
1.0077
1.00387
1.00502
1.00026
0.998124
1.00156
0.999099
0.996218
0.99801
1.00125
1.00539
0.999325
1.00508
1.00269
0.998495
0.996008
1.00111
0.991
1.00068
1.00343
0.998996
0.996845
0.995529
0.996363
1.00111
1.00118
0.997684
1.00328
0.997374
1.0003
0.998217
0.996472
0.997578
0.993225
1.00026
1.00119
1.00351
1.00552
1.00196
0.99599
1.00147
1.00067
0.999487
1.0012
1.00053
1.0027
0.992983
1.00739
0.999791
1.00193
1.0032
1.00216
0.997538
0.993444
1.00136
1.00433
1.00416
1.00849
0.998249
0.998565
0.998707
0.993004
0.999793
1.00177
1.00024
1.00499
0.997816
0.997276
1.00057
1.00362
1.00018
0.993954
0.993513
0.998858
1.0004
1.00016
0.995569
0.99273
0.992865
0.992792
1.00049
0.998263
1.0071
0.996295
1.00296
1.0018
1.00255
0.996199
0.997939
0.9961
0.997714
1.00242
1.00071
0.99822
0.996957
0.995797
0.9958
1.00198
1.00129
1.00043
1.00091
1.00167
0.998856
1.00015
0.999829
1.00314
0.998792
1.00015
1.00066
0.997699
1.00096
1.00303
0.999206
0.999049
1.00101
0.999798
1.00186
0.994675
1.00295
0.99963
0.993923
1.00128
1.0047
0.995407
0.998896
0.997855
0.997858
0.999187
0.996572
1.00257
0.996515
0.999064
0.999804
0.998224
1.00463
0.999078
1.00852
1.00238
0.999389
1.00147
0.996939
1.00129
0.995933
1.00163
0.997761
1.00265
0.999018
0.998607
1.00073
0.99866
0.996822
0.998121
0.996521
1.00334
0.99285
1.00058
1.00014
1.00436
1.00015
1.00685
0.999915
1.00158
1.00076
1.00009
1.009
0.998862
1.0068
0.999844
0.999282
1.00312
1.00591
1.00337
0.998289
1.0058
0.998335
1.00108
0.999698
0.992955
0.993431
0.996099
0.999454
0.999664
0.998773
0.995823
0.998798
1.00217
1.00055
0.997208
1.00289
0.991192
0.997613
0.997059
1.00349
1.00112
1.00233
0.997951
1.00029
1.00123
1.00553
1.00054
1.00172
1.01163
1.00207
0.998224
0.996452
0.997346
1.00211
1.00267
1.00621
1.00166
1.00174
0.999563
0.997312
1.00561
1.00629
1.00561
1.00228
1.0064
0.994795
0.997701
0.999823
0.999754
0.997318
1.00551
0.996881
0.99936
0.998808
1.00009
0.997295
1.00055
1.00143
1.00587
0.995292
1.0023
0.995308
1.00125
0.999551
1.00104
1.0021
0.998007
1.00712
0.99762
1.00935
1.00514
0.996557
1.00145
1.00179
1.00783
1.00019
0.997504
0.996082
0.996315
1.00897
1.00098
0.997669
1.00057
0.995922
0.999031
1.00176
1.00148
1.0035
0.995724
1.00803
1.00602
0.998613
1.00251
0.991834
0.995678
1.00157
0.994872
1.00658
1.00734
1.00391
1.00167
1.00689
0.999661
1.0041
1.01039
0.996843
1.00381
1.00443
1.00029
0.998682
1.00377
1.00174
0.998475
1.00095
0.997703
0.999103
1.00078
0.995532
1.00176
0.996743
1.00426
1.00351
0.998582
0.999911
1.001
0.998427
1.00073
1.00157
1.00418
1.0008
0.99665
1.00173
1.00043
1.00096
1.00045
0.997974
0.997085
0.998659
0.997443
0.99584
0.994513
0.999731
0.996101
0.997897
0.997706
0.999332
0.997689
0.992613
0.993201
1.00426
1.00671
1.0015
1.00229
1.00276
1.00009
1.00299
0.994857
0.996454
0.996486
1.00196
0.999128
1.00363
1.00175
0.996176
0.998291
1.00137
0.992143
1.00066
0.995794
0.999396
1.00123
0.994324
0.995217
1.00496
1.00545
1.0044
0.998116
1.00043
1.00019
1.00158
1.00416
0.999944
1.00059
0.998091
0.998042
0.99987
1.00412
0.998165
0.994833
1.00282
0.99858
0.997574
1.00035
1.00111
1.00204
0.99267
1.00088
1.00117
0.997773
1.0049
0.995994
1.00094
0.996855
0.998649
1.00133
1.00026
1.00393
1.00449
0.999241
1.001
1.00094
1.00171
0.997824
0.99915
0.996509
1.00338
0.999594
1.00586
0.999259
0.999434
1.00408
0.996214
1.00256
1.00244
1.0084
1.00235
0.995817
1.0069
0.997572
0.998993
0.991711
0.996359
0.998541
0.99899
1.00163
0.998857
1.00022
1.00486
1.0002
0.999209
0.999716
1.00192
1.00074
0.997383
1.00351
1.00528
0.996519
0.999256
1.00562
1.0009
1.00109
1.00448
1.00112
1.00208
0.995521
0.993295
0.99968
0.998947
1.00241
0.997999
0.995467
0.998468
1.00328
0.997332
0.995983
0.999155
0.997531
0.999855
1.00291
1.00149
1.00103
1.00301
0.994569
1.00061
1.00082
0.998147
0.998616
1.00593
1.00166
1.00309
0.996352
0.996995
1.00398
1.00358
1.00086
0.997341
0.996874
0.99801
1.00268
0.997922
1.00441
1.00278
0.999924
0.992074
1.00158
1.00122
1.00054
0.998845
0.996758
1.00741
0.994882
0.99819
0.995705
1.00197
1.00546
1.00043
0.995444
0.999697
0.999501
0.996466
0.995852
0.994943
1.00035
1.0058
1.0007
1.00016
0.996691
0.997972
1.00177
1.00087
0.995074
0.998913
0.999714
0.9997
1.00735
1.00609
1.00205
1.00653
1.00056
1.00265
1.00157
0.996898
0.998894
1.00121
0.99789
1.00078
1.00202
1.00541
0.995904
0.99954
1.00187
0.997399
0.996834
0.995984
0.999229
1.00408
0.999605
0.994433
1.00418
1.00069
0.998773
1.00141
1.00015
1.00145
0.998762
1.00434
1.00059
1.0055
0.998957
1.00207
0.999171
1.00252
0.997822
1.00017
1.00043
1.00308
0.990682
1.00549
0.999481
0.997055
0.999241
0.997785
1.00109
0.994494
1.00117
0.994583
1.00021
0.999119
0.999359
0.996321
0.996473
0.998514
1.00086
0.99754
0.999389
0.99339
0.999035
0.997422
0.99723
0.990014
0.996427
1.00078
1.00266
0.996681
0.997226
1.00854
1.00199
1.00015
1.00484
1.00005
0.999559
1.00216
0.998423
0.997908
1.00091
0.996594
0.99811
0.997724
1.00111
1.00185
1.00409
0.99769
1.00482
0.998072
1.00169
1.00439
0.998532
1.00076
0.999926
0.996987
0.998253
0.999511
1.00233
1.00331
0.999099
1.00543
1.00303
0.995794
0.998994
0.996914
1.0015
0.993707
0.999888
1.00306
1.00086
1.00246
1.00309
1.00181
0.999533
1.00625
0.999005
1.00134
0.99807
1.00765
0.99767
0.999811
0.995468
0.998121
1.00256
1.00437
1.00105
1.00399
0.996667
0.998191
1.00357
0.996868
1.00393
1.00378
0.998548
1.00735
0.998648
0.99835
1.00643
1.00237
0.996047
1.00114
0.997599
0.998377
0.996205
0.995679
0.999026
0.994795
1.00814
1.00042
1.00077
0.998788
0.999951
0.993883
1.00127
0.996103
0.997754
0.999319
1.00103
0.999081
1.00204
1.00102
1.00171
1.00214
1.00564
0.996444
1.00272
0.999124
1.00074
1.00491
0.99195
1.00093
0.99693
1.00077
1.00183
0.996921
1.00147
0.998679
0.999066
0.99325
1.00055
0.998449
0.996769
1.00567
0.997243
0.996655
1.00482
1.00593
0.999161
1.00325
1.00662
0.999146
1.00049
0.99515
1.00276
0.994487
0.999011
1.00506
1.00207
0.999562
0.998006
0.995322
0.999344
0.997047
0.996429
0.998504
0.997034
0.996881
1.00573
1.00239
0.997239
0.99977
0.999779
1.00242
1.00076
0.998731
1.0042
0.9971
1.00076
1.00265
0.998727
1.00238
0.99705
0.995065
1.00302
0.999342
0.998641
1.00512
1.00044
1.00119
1.00278
1.00014
0.997276
0.99518
0.999961
0.999129
0.994857
0.998391
0.996664
1.00325
1.00856
0.999938
1.00217
1.00024
1.00019
1.00448
0.995911
0.997488
0.99884
0.999472
1.00428
1.0035
0.993756
0.999561
1.0016
1.00529
1.00107
1.00026
1.0007
0.999036
1.00285
0.997259
1.00175
0.99995
0.997445
1.00575
0.990703
1.00128
1.00402
0.996292
1.00153
1.00462
1.00012
1.00112
0.998545
0.99986
1.00237
1.00082
1.00585
0.99746
1.00054
0.998601
0.997695
1.00269
0.999484
1.00158
1.00497
0.999095
1.00458
0.9956
0.995122
0.997167
0.997507
1.00051
1.00189
1.00038
1.00304
1.00362
1.00386
1.00254
0.997722
0.998754
1.00104
1.00275
1.00099
0.998429
0.999367
1.00293
0.999151
1.00226
0.997454
0.994644
0.996461
0.997577
0.998434
0.999226
0.999011
0.996828
1.00455
1.0075
1.00188
0.999221
0.997729
0.999286
1.00022
0.994893
0.999714
1.00206
0.998223
0.997378
1.00079
1.00089
0.993692
0.993755
1.00076
1.00087
1.00456
1.0029
1.0021
1.00626
0.998157
0.998393
1.00432
1.00255
0.999221
1.00154
0.999139
1.00121
0.997138
1.00256
1.00536
1.00822
1.005
0.999913
1.00072
1.00157
1.00248
1.00218
0.996996
1.00241
1.00427
0.997772
0.998096
0.997265
1.00227
1.00696
0.996384
0.997185
0.999447
1.00444
0.99867
1.00114
0.997435
1.0046
1.00443
0.995543
1.00116
0.998512
1.00129
1.0045
0.996715
1.00558
0.99914
1.00151
1.0026
0.997826
1.00151
1.00467
0.998363
0.997568
1.00215
0.996025
0.994598
1.00347
0.991925
1.00968
1.00056
0.994978
1.00407
0.997287
1.00126
0.993687
0.994605
0.9988
0.995655
0.99838
1.00198
1.00312
1.00385
0.997947
0.99923
1.00342
1.004
1.00388
1.00398
1.00236
1.00254
0.992318
1.00239
1.00633
1.00202
1.00321
1.00387
0.995411
1.00125
1.00776
1.00001
0.996023
1.00518
1.00447
1.00068
0.997429
0.995609
0.997513
1.00283
1.00382
1.00155
0.995065
1.00083
0.995449
0.997105
0.997877
0.999651
1.00066
1.01268
0.998555
1.00702
0.998115
0.993129
0.993638
0.998467
0.996315
1.00131
1.00004
1.00036
0.998715
1.00499
1.00006
0.998892
1.00337
0.997519
1.00048
1.00786
1.0034
1.00218
0.995451
1.00156
0.996899
1.00308
0.995097
1.00395
1.00104
0.998619
1.00381
1.00027
1.00318
1.00101
0.997904
1.00485
0.998623
1.00253
0.999141
1.00061
1.00251
1.00576
1.00205
1.00975
0.999086
0.998818
0.998998
1.00147
0.992169
0.996168
1.00569
1.00435
1.00142
0.998836
1.00174
0.994331
0.995874
1.00426
0.998091
0.997261
1.00212
0.999925
1.00373
0.99931
0.99558
0.999432
0.995435
1.00137
1.0026
0.999495
0.999223
1.00188
1.00399
0.996026
0.997165
1.00621
1.00113
0.999631
1.0056
0.99401
0.993412
1.00071
0.99726
0.995072
1.0013
1.00099
1.00008
0.99811
0.99805
0.998396
1.00049
0.999833
1.00269
1.00745
0.99806
0.997475
1.00177
1.00261
1.00564
0.998561
0.998474
0.999375
1.0054
0.998984
0.997671
0.994573
0.993804
0.999886
1.00009
0.998981
0.999804
0.999753
0.999388
1.00371
1.00013
0.996335
0.998751
1.00655
1.00418
1.0024
0.996156
1.00482
0.996078
0.998811
0.999381
0.998834
0.998262
0.99987
0.990228
1.00334
0.996129
0.998708
0.994468
0.997487
0.997931
1.00414
1.00244
1.0038
1.00322
0.999722
1.00038
0.996117
1.00007
0.999679
1.00198
1.00144
0.999892
0.995491
1.0036
0.998902
0.998849
0.997181
1.00106
0.998703
0.993148
0.995872
0.999025
1.00022
1.00289
0.991401
1.0087
0.999911
0.997536
1.00359
1.00275
0.996084
0.994334
1.00173
1.00304
0.999958
0.998097
1.00639
0.998364
0.994673
1.0007
0.997097
0.996883
1.0033
1.0031
0.994519
0.998025
1.00082
1.00138
0.996687
0.995762
0.997608
0.999534
0.996921
0.996622
1.00146
0.996432
1.00182
0.997564
0.999883
0.998691
0.997849
1.00071
0.996935
0.999656
1.00083
0.999912
0.99442
1.00467
1.00362
1.0002
1.00385
1.0013
0.99131
1.00655
1.00124
1.00282
0.998016
1.0032
1.00379
0.99895
1.0013
1.00445
0.998386
0.998302
0.997364
0.999617
1.00229
0.997317
0.997918
0.991998
1.00601
1.00518
1.0046
1.00398
0.998369
1.00311
0.995319
1.00137
1.00292
1.00452
1.00623
0.998345
0.996006
1.00419
0.99503
0.998849
0.995498
1.00768
0.998091
0.997902
0.997249
1.00076
1.00094
1.00428
1.00449
0.996712
0.998814
0.993388
0.998905
0.999626
1.00524
1.0016
1.00398
1.00138
1.0014
0.999797
0.996927
0.997244
0.999364
0.997049
0.993544
1.00214
0.999218
1.00081
1.00166
1.00036
0.999828
0.993411
0.999653
0.992352
0.993928
1.0001
0.997392
1.00424
1.00219
0.999518
0.994783
0.998504
0.999629
0.998077
0.995557
1.00149
1.00312
0.996889
1.00254
1.00007
1.00464
1.00158
0.994751
1.00404
0.999572
1.00204
1.00032
1.00782
0.995605
1.00143
0.995579
0.998422
1.00097
0.99431
1.00186
1.00246
1.00488
0.995239
1.00656
0.996274
1.00308
0.998612
1.00048
1.00363
0.992773
0.998196
1.00095
1.00451
0.997379
1.00312
0.996388
1.00092
0.998697
1.00156
1.00359
0.996924
1.00026
1.00121
1.00162
1.00217
1.00005
1.00252
0.995296
0.993605
1.00303
0.994253
0.996355
0.99961
1.00249
0.999565
1.00295
0.993362
0.997273
0.995976
0.998532
0.999261
0.998816
0.998147
0.998539
1.00024
1.00245
0.997379
0.993794
1.00308
0.993044
1.00287
0.997663
1.00025
0.999276
1.00261
1.00007
0.994701
1.00045
1.00041
0.999637
1.003
0.996941
0.997168
0.997209
1.00415
1.00658
1.00217
1.00517
1.00012
0.997401
1.00932
0.997595
0.999496
0.999753
1.00331
1.00072
0.998576
0.999869
1.00335
0.997771
0.998408
0.999154
1.00543
1.00478
1.00382
0.999106
0.994869
0.995032
1.00538
0.996004
0.998343
0.999985
0.999948
1.00341
0.997943
0.997129
1.00306
0.999331
0.99764
1.00217
0.998604
1.00638
1.00136
1.00155
1.00517
0.999946
0.999956
0.999313
1.00456
0.995848
1.00241
0.99421
0.997802
0.994438
0.99662
0.995103
0.997105
1.00473
0.997714
0.997201
0.993557
0.999911
1.00371
0.999469
0.998398
1.00422
1.00114
1.00031
0.99554
0.993489
1.0009
0.997055
1.00162
1.00261
1.00433
0.993862
1.00241
0.994633
0.993978
0.997048
1.00144
1.0038
1.00211
0.99961
1.00035
0.992173
0.998901
1.00242
0.992124
1.00543
1.00458
0.994833
0.997753
0.999165
0.99816
1.00411
1.00235
0.997738
1.00675
0.997529
1.0012
1.00489
1.00837
1.00204
0.999431
0.998659
1.00038
1.00444
1.00034
0.999486
0.995475
0.996716
0.994366
1.00475
1.00223
0.999746
0.997008
1.00378
1.00083
0.998793
1.00215
1.00264
1.00002
0.99777
0.997518
1.00084
0.99374
1.00103
0.99492
1.00068
0.999119
0.996083
1.00276
1.00162
1.00563
1.00855
0.995356
1.00123
1.00176
1.00281
0.997377
1.0085
1.00202
1.00364
0.997848
1.00289
0.995446
1.00141
1.00311
1.00597
0.99292
0.999787
1.00332
1.00357
0.997634
1.00378
0.997563
0.999628
1.00108
0.997996
0.997606
1.00383
0.996747
1.00178
1.00097
1.00302
0.997652
1.00586
1.00229
1.00393
1.00305
1.00098
0.999621
0.998142
0.995694
1.0022
1.00005
1.00465
1.00065
1.00372
1.0036
1.00325
0.997839
1.00208
1.0016
0.995812
0.993843
1.003
1.00026
0.998148
0.996444
1.0002
1.00441
1.00257
1.00107
1.00254
1.00043
0.993785
1.00084
0.997653
0.9954
0.99333
0.99575
1.00463
1.003
1.00607
1.00526
0.995033
1.00261
1.00151
0.997233
0.991639
0.998334
0.999091
0.999416
1.00021
1.00327
1.00038
1.00065
1.00001
1.00313
0.999629
0.999978
1.00144
1.0043
0.996991
1.00052
0.998045
0.995649
0.999545
0.992597
0.998739
0.99921
0.995236
0.997437
0.997536
1.00494
1.00556
1.00482
1.00222
1.00045
0.997515
0.995311
0.998845
1.00216
1.00263
1.00519
0.992898
1.00332
1.00183
0.997049
1.00133
0.996761
1.00254
1.00615
0.998047
1.00105
1.00415
1.00124
1.00005
0.999695
1.0016
0.997824
1.00648
0.999956
0.994869
1.00172
1.00666
0.997932
0.999426
1.00083
0.996292
1.00057
1.00137
1.00216
1.00399
1.00008
1.00347
0.998732
0.999523
0.99567
1.00138
0.994379
0.997246
1.00328
0.998721
1.00151
0.997115
1.0021
0.998095
0.996941
0.998646
1.00196
0.992531
0.994939
0.99724
1.00523
1.0022
0.999323
0.99879
0.997875
0.998046
0.997044
0.995846
1.0072
1.00064
0.999863
0.998609
0.996175
1.0008
1.00072
0.995207
1.00205
1.00492
1.00042
1.00485
0.993232
0.997852
1.00254
1.00478
0.99665
1.00079
0.997611
0.996288
0.999166
0.994927
1.00156
1.0048
1.00397
0.994448
1.00597
0.996443
0.993869
1.00351
0.997721
1.00022
0.999596
1.00119
1.00305
1.00309
1.00881
1.00383
0.998396
0.998799
0.996288
0.998543
0.999052
1.00775
0.999712
1.00177
1.00453
1.00026
1.00129
0.996606
0.999388
1.00309
1.00152
0.999978
1.00428
0.990816
1.00469
1.00194
0.998848
0.998746
0.995039
0.997662
0.997068
1.0032
1.00406
1.0007
0.997898
0.998523
0.995069
0.999852
0.998323
0.997689
0.999694
0.99266
0.999474
1.00067
0.996457
1.00357
0.999235
1.00449
1.00145
0.989455
0.995118
1.00141
0.993272
0.997229
1.00126
1.00431
1.00187
1.00487
1.00369
1.00147
1.00264
1.00509
1.00141
1.0017
0.99635
1.00287
0.99415
0.999435
0.998668
1.00119
1.00233
0.990835
1.00076
0.998885
1.00358
1.00102
0.999813
1.0005
0.995173
0.99881
1.00135
1.00032
1.00017
1.00127
1.00133
1.00434
1.00315
1.00014
1.00317
1.00031
0.994233
1.00224
1.00269
1.00477
0.994625
0.997644
1.00073
0.997816
0.998499
1.00343
0.997748
0.991323
1.00707
1.0009
0.997334
1.00201
1.00461
1.00174
1.0018
1.0016
1.00054
1.00568
1.00056
0.99773
1.00708
0.99709
1.00403
1.00618
0.993131
1.00259
1.00581
0.99572
1.00317
0.997843
1.00162
1.00434
0.998925
0.997048
0.99607
0.999615
1.00084
0.999796
1.00275
0.996754
0.998658
0.99901
0.9987
1.00173
1.00344
0.99567
1.00332
0.996073
1.00207
1.00431
1.00364
1.00527
1.0023
1.00264
1.00292
1.00907
0.996186
1.00206
0.997174
1.00341
0.996741
0.996939
0.997941
0.997461
0.994322
1.00022
0.997794
1.00173
1.00153
0.998762
0.98986
1.0038
1.00161
1.00406
0.995722
0.999919
0.999958
0.996983
1.00231
0.997211
0.998816
1.00466
1.00273
0.998074
1.00398
0.998389
0.997077
0.999319
1.00218
0.997096
1.00391
1.00032
0.999686
0.993936
1.0003
0.996961
0.99634
1.00058
0.994586
1.0049
1.00047
1.0001
1.00311
1.00631
1.00181
0.994378
0.998512
1.00366
0.994229
0.996783
1.00513
1.00283
1.00231
0.997964
1.00393
1.00329
1.00482
0.997941
0.99986
0.998468
1
0.997824
0.99886
0.995562
0.999292
1.00042
1.00076
1.00221
1.00227
0.998359
1.0064
1.00381
0.993689
1.00349
0.998363
1.00037
1.00051
1.00775
1.00322
0.999103
1.00112
0.999648
0.999796
0.997752
0.995265
1.00323
0.998455
0.998138
1.00417
1.00632
0.991608
1.00072
0.997695
1.00845
1.00377
1.00702
1.00104
0.99958
0.999253
1.00841
1.00417
0.999053
1.00173
1.0044
1.00016
1.0007
1.00118
0.998536
0.997169
1.00753
0.999305
0.997523
1.0015
0.999126
0.998897
1.00341
0.999581
0.998315
1.00142
1.00058
1.00402
0.99841
0.998943
1.00358
1.00123
1.00048
1.00081
0.994981
1.00378
0.997931
0.99708
1.00323
0.99841
1.00515
0.997102
0.997936
0.999624
0.996579
1.00155
0.999111
1.00667
0.999005
1.00043
1.00551
0.995755
0.993063
0.997327
0.99824
0.998092
0.996514
1.00445
1.00333
1.00064
0.994109
1.0009
1.00183
1.00465
0.996372
1.00325
0.99674
1.00299
0.993307
0.998783
0.99614
1.00554
0.998779
1.00115
0.994748
0.994134
1.00307
0.999267
1.0044
0.998628
1.00345
0.999884
1.00179
1.00274
1.00238
0.999249
1.00043
0.997699
1.002
0.997397
1.00028
1.00069
1.00225
1.00229
1.00186
1.00255
0.986651
0.999022
1.00054
1.00311
1.00178
1.0029
1.00346
0.997304
0.992988
1.00359
0.999763
0.998162
0.999791
1.00236
0.9951
1.00032
0.995507
0.999093
1.00217
0.998463
1.00394
0.999262
0.998683
1.00309
1.00485
1.00017
1.00053
0.992999
0.990023
1.00277
0.998048
1.00032
1.00183
1.00017
1.00305
1.00258
0.999566
0.997585
0.995485
0.997685
0.999272
1.00101
0.999401
1.00343
1.00311
0.998225
1.00047
1.00055
0.998209
1.00188
1.00193
0.99962
1.00577
1.00028
1.00097
0.996003
0.996814
1.00563
1.00092
0.998665
1.00137
0.99796
0.999634
1.00251
0.993819
0.997207
0.999748
0.998109
0.998756
1.00129
1.00636
0.997362
0.994756
1.00299
0.996331
0.990816
1.00218
0.993133
1.00528
0.998841
0.998037
1.00499
0.997112
0.995117
0.998287
1.00572
0.997684
1.00849
1.0031
1.00218
0.996263
1.00624
1.00154
0.998193
0.999274
1.00261
1.00255
0.997142
0.998943
0.999479
1.00448
1.00734
0.995105
1.0018
0.98871
0.999918
0.991653
1.00243
0.995527
1.00135
0.999802
1.00512
0.998288
1.00239
1.00022
1.00197
0.992966
1.00272
1.00231
0.998489
1.00049
1.00043
0.994002
0.998552
1.00404
0.995596
1.00111
1.00076
0.992352
0.991568
1.00376
0.998006
0.998397
1.00184
1.00028
0.996213
0.996985
0.99935
1.00569
1.00053
0.996026
1.0011
0.991221
1.00462
1.00506
1.00273
0.999095
0.999501
0.992721
0.998197
0.997281
1.00446
1.0008
1.00029
1.00131
1.00762
0.998214
1.00312
1.00249
0.997854
1.0038
1.00097
1.00049
1.00232
1.00011
0.99748
1.0064
1.00375
1.00703
0.994321
1.00046
1.0027
1.00523
1.00713
1.00168
0.995824
1.00024
0.995896
1.00576
0.996046
1.00915
1.00289
0.999125
1.00135
0.998243
1.00046
0.996502
0.998549
0.995657
0.999896
1.00017
1.00003
1.00205
1.00111
1.00154
1.00179
1.00623
0.999275
0.998449
1.00945
1.00418
0.99319
1.00009
1.00229
0.996182
0.999747
0.995096
0.999657
0.997455
0.999106
0.998325
1.00292
1.00265
1.00099
0.996754
0.996323
0.999359
0.998973
0.998551
0.999091
0.994551
0.999899
1.00682
1.00045
0.995185
0.997021
1.0011
0.995469
1.00031
0.999183
1.00427
0.996237
0.998233
1.00124
1.00591
1.00085
1.00275
1.00585
0.998383
1.00215
0.991739
1.00177
1.00086
0.999188
1.00014
0.998572
1.00464
0.996038
1.00015
0.999074
1.00077
1.00003
1.00289
0.99969
1.00147
1.0037
0.99941
1.00017
0.998459
1.00235
1.00493
1.00367
0.998817
1.00155
0.997564
0.999539
0.999948
0.997438
0.993424
0.998494
1.00294
0.997282
0.999194
1.00286
1.00195
1.00222
1.0025
0.995771
1.00553
1.00145
1.00361
1.00655
1.00101
1.00614
1.00456
0.998727
0.997181
1.00084
0.999897
1.00233
1.00215
1.00073
1.0019
1.00061
0.996957
1.00616
1.00224
0.996285
1.0046
1.00271
1.00582
0.996962
0.996002
0.994861
0.997608
1.00082
0.996743
0.994409
0.995936
1.0044
1.00323
1.0043
0.9981
1.00826
0.99915
0.99624
1.00657
1.00083
1.00207
0.999408
0.990908
1.00617
1.0092
1.00583
0.999168
1.00306
0.99923
1.00626
0.998239
1.0077
0.996316
0.9988
1.00042
0.992996
1.00102
0.997986
1.00206
0.996959
1.00421
0.999935
0.997201
0.994123
1.0004
1.00475
0.997679
1.00164
0.9907
0.999141
1.00126
0.996494
1.00235
1.0005
1.00332
0.992872
1.00164
1.00581
1.00185
1.00101
0.999267
0.998612
0.999101
0.996558
0.993909
0.994505
1.0022
0.991577
0.994912
1.00403
0.997028
0.994044
1.00205
0.990647
1.00084
0.999915
0.998356
1.00613
1.00161
1.00193
1.00053
0.999468
0.99592
0.997296
0.99838
0.996199
0.999904
0.997675
0.999108
0.998202
1.0054
1.0025
0.988655
0.99775
1.00573
1.00287
0.999463
1.00058
0.995634
0.999196
0.999016
1.00068
1.00162
1.00205
0.999262
0.999864
1.0079
1.0034
1.00607
0.99562
0.999002
0.996435
0.989037
0.998838
0.998126
1.00824
0.997986
1.00351
0.997794
0.997277
1.00261
0.995145
1.00047
0.999233
1.00069
1.00046
1.00118
0.996719
1.00222
0.995563
1.00437
0.996868
0.997323
1.00467
0.999835
0.995953
0.996573
0.999599
1.00454
1.00383
0.995783
0.999312
0.996083
0.998177
0.998992
1.00332
1.00401
1.00604
0.998087
1.00098
1.0021
1.00008
1.00509
0.998706
1.00217
1.00146
1.00543
1.00203
1.0011
1.00534
1.00108
0.995118
1.00377
0.996496
0.997805
0.997699
0.998929
1.00284
0.996265
1.00003
0.993778
0.997839
0.993683
1.00413
1.00704
1.00726
1.0018
1.0057
0.993244
0.997659
0.999219
1.00016
0.998216
1.00507
0.999461
1.0005
0.999562
0.997969
0.995053
1.003
0.997362
0.997923
0.998182
0.995275
1.00003
1.00199
0.994329
0.999736
0.999727
0.992126
0.998491
1.00283
0.997035
1.00645
0.998599
0.998783
1.00136
1.00575
1.00172
1.00143
0.997019
0.997273
0.998595
1.00307
0.999962
0.99876
0.998467
0.994581
1.00053
1.00072
1.00259
0.997711
1.00135
0.99985
1.00195
1.0055
1.00362
0.997442
1.0033
1.00103
1.00156
0.997378
1.00521
1.00393
1.00799
1.0029
1.00617
1.00124
0.996464
1.00431
1.00283
0.991683
1.0013
0.996061
0.993741
1.00047
1.0006
1.00259
0.999424
0.998919
0.997953
1.00389
1.00251
1.00164
0.999883
0.999413
1.00127
0.999311
1.00099
1.00119
0.998293
0.998262
0.999769
1.00162
1.00021
0.996201
0.999925
1.00149
0.999362
0.99772
0.996294
1.00102
1.00361
0.998915
0.995678
1.00124
0.9996
1.00749
1.00348
1.0003
1.00229
0.997954
0.99976
0.999206
0.999791
0.994921
1.00487
0.996406
0.997166
0.992615
1.00713
1.00053
1.00306
0.996143
1.00037
1.00306
0.996773
0.998066
1.00001
0.998677
1.00182
0.998243
0.999511
0.997834
0.9995
1.00552
1.00451
1.00417
1.00083
0.998232
1.00497
0.995954
0.99423
1.00162
1.00248
0.993364
1.00475
1.00303
1.00818
1.00489
0.99874
0.999907
1.00193
1.00229
0.998097
1.00963
0.996922
1.00049
1.00206
1.00037
1.00522
1.00067
0.997529
0.998992
0.99638
1.00888
1.00056
1.00093
0.998946
0.998038
1.00245
0.992451
1.00112
1.00443
0.993596
0.996597
1.00558
0.998578
1.00259
1.00104
1.00364
1.00217
1.00719
1.00023
1.00428
1.00963
1.00152
1.00676
1.00665
1.00166
0.996983
1.0056
1.00602
1.00681
0.995577
0.997685
1.00098
1.00535
1.00263
0.999082
0.997009
1.00118
0.998153
0.998752
0.99975
1.00362
0.995198
1.00097
0.99656
1.00131
1.00213
0.99527
0.997152
1.0018
0.990096
0.993274
0.996123
1.00254
1.00007
0.994968
0.996334
1.00336
0.996482
0.999162
0.999226
1.0046
0.998908
0.998004
0.996823
0.998029
0.999876
0.997799
1.00103
1.00748
1.00502
0.997368
1.00237
0.996085
1.00528
1.00448
1.00465
1.00115
1.00206
1.00472
0.997253
0.993409
0.999786
0.998338
1.00173
0.993685
0.994403
0.993927
0.996863
1.00395
1.00621
1.00117
0.996393
1.00275
1.00584
0.993375
0.9989
1.00378
0.99979
1.0011
0.99603
0.994577
1.00278
0.997019
0.998241
0.995543
1.00067
0.999297
1.00753
0.995248
0.996862
0.999782
0.99884
1.00008
0.999466
0.99904
1.00129
1.00042
1.0013
0.997128
1.00375
1.00426
0.995102
1.00078
1.00099
0.993478
0.994126
1.00211
1.00403
1.00194
0.996933
1.00141
0.999408
1.00575
0.99901
1.00076
0.996186
1.00571
0.993097
1.00003
0.997318
1.00227
1.00178
1.00111
1.00183
1.00218
1.00102
0.999872
1.00021
0.99847
1.00401
1.0033
1.0011
1.0002
1.00123
1.00239
1.00528
1.00128
1.00146
0.994057
0.990744
1.00151
1.00234
0.99705
1.00088
0.999509
0.99559
1.00586
0.998945
0.997502
1.00409
1.00239
1.00026
1.0014
0.999296
0.999675
0.998995
1.00402
1.00364
0.993677
0.999951
0.992667
0.999774
1.00103
0.997069
0.994332
1.00134
1.00113
1.00306
0.996165
0.995848
1.00079
0.994946
0.995521
0.99995
0.994168
1.00084
0.991944
0.999319
1.00063
1.00228
0.994855
1.00305
1.00097
1.00069
0.997025
0.997609
0.999198
1.00022
1.0095
0.997242
1.0022
1.00136
1.0005
1.00429
0.998514
0.996419
1.00156
1.00384
1.00346
0.998271
1.00338
0.99969
1.00204
0.998494
0.9966
0.992627
1.00279
0.997125
0.995571
0.996009
0.999682
0.997028
1.00188
0.997582
0.999454
1.00242
1.00555
0.999331
1.00428
1.00282
1.00609
0.998645
1.00431
1.00043
1.00416
1.00181
1.00139
1.00143
0.999396
1.00841
1.00015
1.00158
0.998154
1.00007
0.998486
1.00022
1.00477
0.991858
0.994065
0.998442
1.00338
1.00633
1.00217
1.00054
1.00306
0.997744
0.998882
0.995361
0.998768
0.995812
1.00306
1.00245
1.00047
1.00532
1.00273
0.999567
1.0017
0.997813
1.00441
1.00225
1.00477
1.00698
0.999554
1.00453
1.00149
0.994362
0.994035
1.00136
0.996632
1.00408
0.999083
1.00174
0.996979
1.00737
0.998935
1.0013
1.00154
1.00063
1.00262
0.997984
1.00115
0.997252
0.997316
0.993964
1.0034
0.999595
1.00149
1.00247
1.00031
1.002
0.999084
0.996372
1.00085
0.99746
1.00391
0.999114
1.00047
0.9928
1.00196
1.00644
0.997418
1.00256
1.00085
0.995223
0.993543
0.994822
1.00501
0.99931
0.997522
1.00176
1.00321
0.996933
1.00303
0.99876
1.00152
1.00134
1.0061
0.996221
0.999906
0.997653
0.995957
0.992069
0.995924
1.00175
0.996168
1.00195
1.00112
1.00252
1.00721
0.99991
0.997906
0.998591
0.992269
1.00075
1.0033
1.00189
1.00095
0.99581
0.99591
1.00246
0.992386
1.00074
1.00216
1.00189
0.996363
0.995899
1.00129
0.995478
1.00456
1.00537
0.999305
1.00155
1.00269
1.0029
0.998666
1.00354
1.00598
1.00007
1.00198
0.994012
0.993498
0.999766
1.00683
0.998521
1.00246
0.993686
0.99594
0.996664
0.99982
0.99774
1.00242
1.00149
0.997079
1.00078
0.999428
0.998867
0.998566
1.00585
1.00851
1.00735
0.998424
1.00451
0.999255
1.0002
1.00462
0.999265
1.00412
0.997363
0.999347
1.00214
1.00009
1.0016
1.00297
1.00328
0.999885
0.994813
1.00124
0.99806
1.00421
0.998001
1.00106
1.00564
1.00051
1.00473
0.995696
0.997379
0.996255
0.993459
0.996867
1.002
1.00017
1.00215
0.99635
0.996679
1.00113
0.997988
1.00365
0.998528
0.99582
1.00219
1.00376
0.998173
1.00108
1.00108
0.999139
1.00246
0.999378
1.00432
0.999075
0.995602
1.00014
1.00521
0.996797
1.0033
1.00091
1.00674
1.00077
0.999347
0.998696
1.00125
0.994774
0.994662
1.00317
1.00053
0.99714
1.00684
1.00316
1.00294
1.00214
1.00347
0.995427
1.00044
0.996373
1.00067
1.00291
0.996284
1.00314
1.00273
0.998311
1.00151
1.00108
1.0004
0.999718
1.00179
1.0026
0.998489
0.997788
1.00099
0.995846
0.998234
1.00116
1.00291
1.00002
0.995914
0.999783
1.00175
1.0012
0.997655
1.00028
0.999074
1.00053
0.997369
1.00331
0.998817
1.00031
1.00462
0.99765
1.00123
0.998566
0.99917
0.998475
0.995303
0.996416
0.998457
1.00412
0.999847
0.998856
1.00264
1.0015
0.998921
1.00149
1.00022
0.994124
1.00757
0.998237
1.00193
0.995731
0.995341
1.00566
0.995338
0.999587
0.99198
1.00082
1.00143
1.00137
1.00014
1.00066
0.993315
1.00608
1.00452
0.99829
1.00259
1.00125
1.00457
0.993535
1.00131
0.999801
1.00207
1.00515
0.997175
0.996737
1.00233
1.00376
1.0016
1.01049
0.989605
1.00033
0.999718
0.996824
0.997228
1.00216
1.00168
0.995525
0.9961
1.00187
0.999121
1.00032
1.00256
0.993985
1.00101
0.998742
1.0022
0.998762
0.999157
1.00178
0.999328
1.00017
0.993137
1.00278
1.0073
1.00064
1.00469
0.998802
0.999155
1.00105
1.00865
0.999681
0.993901
0.998918
1.00091
1.00076
0.998743
0.995976
0.999143
0.99705
1.00457
0.997964
1.00272
1.00061
0.99877
0.997837
0.99798
0.995192
1.00001
1.00156
1.00304
1.00105
1.00096
0.998119
1.00186
1.00234
1.00194
1.00271
0.990594
0.996982
0.997251
1.00469
1.00429
0.998451
1.00396
0.99535
0.998146
1.00245
1.00496
0.995879
0.999521
1.00344
0.998652
0.993831
1.00808
1.00186
1.00098
0.99451
0.995039
0.996981
0.997059
0.999671
1.00635
1.00261
1.00381
1.00195
1.00135
0.995725
0.993058
1.00281
1.00062
1.0027
0.995505
1.006
1.00515
0.999151
1.00115
0.997691
1.00389
1.00636
0.99803
1.00098
1.00099
1.00325
0.993638
0.996129
1.00482
1.00687
1.00277
0.995592
1.00198
1.00034
0.999884
0.999571
1.00315
0.999512
1.0021
0.992292
0.993343
1.00286
0.998193
0.998735
1.00051
1.00358
1.00472
1.0027
0.997696
1.00803
1.0013
0.999803
1.00486
1.00177
0.998373
0.994082
1.00046
0.998849
0.99858
0.997896
0.999384
0.995671
0.996285
1.00258
0.993263
1.00162
0.999756
1.00564
1.00943
1.00769
0.998947
1.00484
0.996519
1.00482
0.995166
1.00161
1.00253
1.00076
0.996299
1.00058
1.0021
0.995401
0.999465
1.00572
1.00303
0.998189
1.00146
1.00478
1.00015
1.00353
1.00263
0.998465
1.00011
1.00002
1.0005
0.998265
1.0035
1.00347
0.990654
0.999081
0.997433
1.00506
0.999428
0.99838
1.00075
0.996149
1.00297
1.00125
0.999475
1.00285
0.999568
0.994976
0.995926
0.999149
1.00161
0.993728
1.00046
0.997711
0.996151
0.997108
1.00091
0.999978
1.00317
0.994066
0.995642
1.00109
1.00253
0.999337
1.00773
1.00138
0.999745
0.999244
1.00058
0.998067
0.988972
0.997913
1.00441
1.00475
0.997407
0.999601
1.00875
0.997364
1.00133
1.00027
0.99856
0.992657
0.995031
0.997204
1.0012
1.00522
0.999502
0.99909
0.996634
1.00074
1.00102
1.00082
1.00321
0.999906
1.00047
1.00337
0.998684
1.00371
1.00208
1.00437
0.997917
0.999355
1.00486
0.999436
1.00287
0.997673
0.998237
0.998917
0.999622
0.995876
0.996249
1.00529
1.00333
0.998986
1.00272
0.999712
0.994506
1.0008
1.00591
1.00005
1.00066
0.998895
1.00128
1.00177
1.00349
0.999799
0.999262
0.993944
0.999511
1.00494
0.998007
1.0024
1.0058
1.00422
0.992472
0.994405
1.00098
1.00255
0.999085
0.998056
0.999572
0.996012
0.998142
1.00058
1.00032
1.00616
0.999417
1.00292
1.00594
0.997783
1.00137
0.996517
1.00147
0.997774
0.99859
0.994554
1.00094
1.00116
1.00085
1.00563
1.00245
1.00321
0.995435
1.00236
0.996445
1.00279
0.998518
1.00156
1.00083
1.00469
1.00209
1.00142
1.00084
0.999928
1.00177
0.998726
1.00234
0.997862
0.99962
0.992801
1.00335
1.00065
0.992375
0.998931
1.00391
0.996806
0.990085
1.00227
1.00102
0.993867
1.00459
1.00325
0.997734
0.998716
0.998521
1.00265
1.00961
0.997766
0.999979
1.00392
0.999159
0.99863
0.998157
0.994139
1.00276
0.999356
0.997017
0.993682
0.999288
1.00373
0.998133
1.00034
1.00404
0.997467
0.993376
0.991954
1.00094
0.996363
1.00633
0.997165
1.00276
0.994063
0.998589
1.00074
0.998289
1.00067
0.991741
1.0003
0.999573
0.995359
0.996475
0.995172
1.00348
0.997762
0.997873
0.997925
0.999463
1.00256
1.00247
1.00039
1.00401
1.00882
1.00513
0.992134
0.995884
0.999141
1.00161
0.997023
0.999967
0.998929
1.00158
1.00003
0.997479
1.00103
0.997506
0.999841
1.00313
0.996883
0.997324
0.998947
1.00006
0.991895
0.997171
1.00072
0.997737
0.999006
1.00101
1.00076
1.00699
0.997079
0.995074
1.00643
1.00293
0.995363
1.00175
0.998939
0.998305
0.999833
1.00591
0.997425
1.00637
0.999266
1.00294
0.990557
0.995269
0.99824
0.996487
0.998767
0.996569
0.998588
0.99354
1.0016
0.997107
1.00148
0.995755
1.00241
1.00589
0.999367
0.993217
0.999352
0.994993
1.01026
1.00064
1.00287
0.995811
0.998715
0.999147
0.997427
0.99873
0.997097
1.00624
0.997655
1.00189
0.998465
1.00361
0.996191
1.0047
0.999148
1.00042
0.999307
1.00229
1.00027
0.999817
0.993798
1.00532
1.0027
1.00365
0.999627
0.999
0.998316
1.00094
0.989266
0.997671
1.00053
1.00342
1.00514
0.998987
0.998139
0.997562
0.998948
0.994915
1.00178
1.00055
0.999678
0.998913
1.0032
0.995392
0.999258
0.996981
0.998496
1.00123
0.993928
0.998277
1.00465
1.00133
1.00076
1.00434
0.997893
1.00179
1.00307
0.996518
1.00233
0.999374
0.996403
0.99837
0.999066
0.998763
1.00014
1.00202
1.00188
1.00004
0.998446
0.997736
0.999169
0.996981
0.992189
1.00439
1.00029
0.996136
0.997593
0.994351
0.998488
1.00142
0.997564
1.00015
1.00198
1.0009
1.00032
1.00109
0.996955
1.00153
0.992395
0.99471
1.00588
1.00146
1.00702
1.00226
1.00659
0.992174
0.995814
1.00593
0.99548
0.997783
1.00282
0.999818
1.00087
0.994163
1.0067
1.0014
1.00222
0.99964
0.996862
0.996533
1.00635
0.998797
0.995598
0.996593
1.003
0.999615
1.0021
0.997886
1.00932
0.995155
0.997186
0.996874
0.999553
0.994576
1.00192
1.00192
1.00151
1.00413
1.00251
1.0004
0.997576
0.998371
1.0043
1.00399
0.99523
1.00466
1.00093
0.997256
1.00473
1.00205
1.00597
1.00231
1.00135
1.00765
1.00057
0.998453
1.00699
1.00148
1.00129
0.995214
0.997846
1.0001
0.995525
1.00015
0.999653
1.00097
1.00461
0.997902
0.993395
0.992512
0.998911
0.990932
1.00192
0.998041
0.997484
1.00146
0.996673
1.0038
1.00026
1.0036
1.00503
1.00187
1.00112
0.993792
0.999527
1.00013
1.00458
0.989454
0.999044
1.0023
1.00034
1.00104
0.999483
1.0071
1.00161
0.997692
0.998988
1.00257
1.00248
0.997091
0.997224
1.00744
0.99927
0.999489
0.994947
0.998627
0.998058
0.997649
0.993845
1.00286
0.997053
1.00194
1.00237
0.999661
0.996348
1.00048
1.00629
1.00337
1.00035
0.994614
0.999982
0.992788
0.999203
0.996419
0.997954
1.00388
0.99905
1.00542
0.997141
1.00125
0.999379
0.998646
0.996048
0.994885
0.997707
1.0007
0.99976
0.997667
0.99729
1.00158
1.00155
0.999972
0.999976
1.00006
0.999754
1.00092
0.9949
1.00171
1.0027
0.99627
0.998527
0.995682
0.99907
0.99934
1.00062
0.999183
0.995386
1.0028
1.00696
0.999674
0.996213
0.991299
0.999341
0.998883
1.00521
0.997818
0.99902
1.00077
0.999037
0.998738
0.998172
1.00335
1.00226
1.00219
0.994842
0.99898
0.997546
0.999062
0.999253
0.993098
0.998063
1.00052
1.00116
1.00127
0.993942
0.994814
0.999341
0.998321
0.99731
0.998523
0.99493
1.00275
0.998212
1.00232
1.00009
0.99179
1.00196
0.996805
1.00131
1.00385
1.00256
1.00513
1.00627
1.00315
1.00048
1.00037
0.996413
1.00461
0.995666
0.999344
1.00062
1.00066
0.994905
1.00457
0.998181
0.999544
1.00061
0.998373
0.995388
1.00048
1.00101
1.00426
0.997379
0.997444
1.00487
0.999739
1.00002
0.993493
1.00269
1.00185
1.00657
0.994261
0.997161
0.999046
0.997259
1.00738
0.996196
0.994399
1.0003
1.00309
0.993958
0.997606
1.00388
0.998617
0.994083
0.997036
1.00093
1.00186
0.993067
1.00389
1.00167
1.00043
1.0021
0.999178
0.999551
1.00082
1.0013
1.00358
1.00599
0.999531
0.999782
0.995651
1.00296
0.99993
1.00077
0.997293
0.999284
0.999501
1.00011
1.00288
1.00435
0.99842
0.997443
0.993777
0.998861
0.998805
0.996289
0.996434
0.999009
0.995689
1.00496
1.00748
0.9964
1.00387
0.998494
1.00819
0.999824
0.995733
0.996341
1.00088
0.999083
1.00475
1.00419
0.995004
1.00448
0.993681
1.00177
0.997873
1.00119
0.997632
1.00239
1.0015
0.997842
0.998026
1.00348
1.00078
1.00053
1.00822
1.00021
0.995267
0.998653
0.998051
0.994484
0.99776
1.00143
0.995235
0.999831
1.00171
1.00201
1.00362
1.00665
0.999538
1.00165
0.997212
1.00262
0.996147
0.995412
1.00618
1.00564
0.99689
1.00275
1.00249
0.99764
1.00031
1.00247
0.999546
0.999456
0.993647
0.998846
0.997205
0.995949
1.00172
0.996408
1.00366
0.997402
1.00001
1.00238
0.998139
1.001
1.00006
1.00529
1.00335
1.00675
0.993196
0.995417
1.00217
1.00023
0.999356
1.002
0.996154
1.00185
1.00327
0.995504
0.99513
1.00394
1.00732
1.00452
0.999437
0.998122
1.00075
1.00203
0.995702
0.998105
0.99782
1.00174
1.00376
1.00321
1.00166
0.997317
0.998249
0.998662
0.99559
1.0051
1.00335
0.999927
1.00176
1.00243
1.00087
0.996363
0.997647
0.999418
1.00368
1.0005
1.0053
1.00331
0.994648
1.00065
1.008
1.00167
0.997862
1.00633
0.998857
0.997824
1.00231
0.999831
1.00151
1.00311
0.997778
1.00111
0.998128
1.00106
1.00034
1.00277
1.00447
0.995176
1.00027
1.00138
0.996248
1.00408
0.996004
1.00011
0.997338
1.00164
0.999569
0.999641
1.00697
0.998395
1.0034
0.998659
1.00222
1.00227
1.00076
0.999389
1.00197
0.999964
1.00023
1.00137
0.999928
0.997425
0.998456
1.0022
1.00534
0.991954
1.0012
0.998437
0.997059
0.993477
1.00067
0.998372
0.996312
1.00055
0.998348
0.997909
0.998672
0.998093
0.999167
1.00084
0.99932
0.997873
0.998969
0.997658
0.996527
1.00163
0.999063
1.00262
0.999518
0.998104
0.998099
0.999443
0.989103
0.995663
1.00198
1.00338
0.997379
0.998749
1.00449
0.999354
1.00077
0.997284
0.998063
0.998044
1.0028
1.00028
1.00516
1.00135
0.997655
0.99493
1.00056
1.0007
1.0094
0.999386
1.00089
1.00462
0.999994
0.995494
1.00727
0.999616
1.00568
0.999209
0.996401
0.992883
0.995222
1.00288
0.996713
0.993504
0.998663
1.00281
0.998229
0.997074
0.992206
0.995884
0.998184
0.996111
0.998147
0.999378
1.00165
1.00506
0.992597
1.00416
1.0077
0.990744
1.00607
1.00386
0.998102
1.00489
0.996654
1.0002
1.00273
1.00149
1.00047
1.00133
1.00648
1.00223
1.00317
0.994398
1.0011
1.0016
0.996202
1.00069
0.996162
1.0031
0.994257
0.998379
1.00022
1.00154
0.992482
1.00195
0.997458
0.996311
1.00046
1.00095
1.00171
0.997715
1.00556
1.00291
1.0026
0.991484
0.997504
0.998644
1.00296
1.0006
1.00244
1.00366
1.0002
0.992558
1.00066
0.999226
0.997068
1.00152
1.00288
1.00328
1.00171
0.998944
0.99643
1.00249
1.00004
0.997882
1.00007
1.00644
0.998614
1.00314
0.996668
1.00096
1.00419
0.996879
1.0029
1.00202
1.00258
1.00036
0.997016
1.00255
1.00893
1.00332
0.99953
1.00107
0.998077
0.999326
0.99425
0.992786
1.00263
0.99997
1.00365
1.00232
1.00194
0.999859
0.99347
1.00711
1.00136
1.0015
1.00124
1.00272
0.996631
1.00037
0.996972
0.997541
1.00301
0.991425
1.00066
0.995803
0.995303
0.995253
1.00608
0.999793
0.996912
0.996581
0.9963
0.995002
0.999934
1.00308
1.00461
1.00469
0.99555
1.00406
0.999342
0.993109
0.999787
0.998507
1.00169
1.00221
0.997037
0.9971
0.999236
1.00191
1.00264
1.00497
1.01025
0.99818
1.00331
0.998256
1.00542
1.00221
0.996275
0.999955
1.00606
1.00662
1.00002
0.999716
1.00077
0.998486
0.99116
0.997737
1.0002
1.00134
0.998803
1.00033
1.00472
1.00877
1.00327
0.998092
0.992812
1.00312
0.99594
1.00599
1.00019
0.994067
1.00304
1.00078
0.9996
1.00457
1.00289
1.00171
1.00089
1.00073
1.00786
1.00653
1.00441
0.995967
0.997001
1.00249
0.997223
1.00279
1.00112
0.994387
1.0015
0.998115
1.00187
0.997532
0.997608
1.00115
0.996311
0.993389
0.997559
1.0045
0.994681
1.00101
1.00279
1.0008
0.997782
1.00401
0.996643
0.997024
0.997292
1.00196
0.991571
1.00499
1.00894
1.00321
1.00512
1.00079
0.99691
0.997231
1.00115
0.999665
0.998267
1.00126
1.00012
0.998122
1.00315
1.00551
1.00226
0.997461
1.00105
1.00637
0.998027
1.0058
0.999606
1.00686
0.999022
1.00391
1.00109
1.00052
1.00467
0.999318
1.00527
0.99587
1.0031
0.997881
0.996924
0.997481
0.995717
0.998382
1.00413
0.994599
1.00085
1.00335
1.00141
0.999796
1.00366
1.00315
1.00184
0.99678
0.999774
0.992967
0.999263
0.999962
0.995177
1.00529
1.00457
0.998984
0.998295
1.00258
0.99704
0.999181
0.998853
1.00579
0.999296
1.00418
0.996064
1.00122
0.997668
1.00199
1.00322
0.998228
0.997702
1.00136
1.00152
1.00542
0.99738
0.993426
1.00023
0.997847
1.0002
0.996631
0.989535
0.994187
0.997817
0.996904
1.00073
0.998289
0.99215
1.00112
1.00109
0.999825
1.00464
0.998998
1.00034
0.998195
0.998776
1.00019
0.998959
1.00067
0.999017
0.995726
1.00383
0.99996
1.00573
1.00444
1.00044
1.00046
0.996343
0.992555
1.0086
1.00351
0.9945
0.995388
0.999009
1.00552
0.999603
1.0013
1.00168
0.996245
0.997845
1.00095
0.99628
0.999536
1.00281
1.00159
1.00332
1.00161
1.00236
0.992474
0.996096
1.00277
1.00284
1.00208
1.00061
0.996033
1.00346
1.00532
1.00294
1.00268
0.994416
1.00382
0.997296
1.00942
0.997681
1.00057
1.0014
0.998263
0.998495
1.00583
0.99737
1.00024
0.9982
0.998503
0.996459
0.997266
0.998672
1.00085
0.994716
0.995896
1.00243
0.997041
1.00109
1.00116
0.998741
0.995848
1.00007
0.999037
0.999885
0.999977
0.992844
0.998587
0.996817
0.996917
1.00527
0.999058
1.00087
1.00772
1.00325
0.99672
0.992509
0.99902
0.997451
0.995188
1.00067
1.00216
0.997362
0.99829
1.00167
0.997836
0.997069
0.998476
1.00891
0.996872
0.996
0.999126
0.999301
1.00569
0.996319
0.999248
0.996843
1.00071
1.00523
1.00146
0.993922
0.998107
1.00149
1.00342
0.999026
0.999478
0.99954
0.998266
1.00272
0.999761
0.997022
0.997309
0.997403
1.00213
0.996799
1.0002
0.999083
1.00265
1.00345
1.00258
0.994194
1.00073
0.998626
0.993095
0.997198
0.999253
1.0037
0.993854
0.998342
1.00083
0.994802
0.99973
1.00034
0.997847
0.997746
0.994592
1.00169
0.999064
1.00186
0.995848
0.999804
0.997981
1.00398
0.992256
1.00149
0.997045
1.00027
0.9943
0.999261
1.00243
0.995705
0.999388
0.996814
0.991359
0.994506
1.00353
1.00109
1.00262
0.996805
0.999875
0.99444
1.00562
0.998149
1.00237
1.00013
0.99741
1.00131
1.00113
0.995825
1.0034
1.00015
0.997422
1.00267
1.00032
1.00206
1.00476
0.99627
1.00275
1.0012
1.0017
0.998533
1.00434
0.998169
0.99854
1.001
1.00059
1.0006
1.00319
0.995852
0.999962
0.99896
0.996346
0.995013
0.999812
0.994927
0.99465
1.00185
0.997054
0.997914
0.99891
0.997989
0.996664
1.00048
0.999773
0.998944
1.00606
1.00112
1.0091
0.999545
0.996148
1.00102
1.0061
1.00238
0.998204
1.00528
1.00061
1.00319
1.00411
1.01156
1.00095
1.00352
1.00297
1.00456
0.996373
0.998176
1.00233
0.995435
1.00722
0.99175
0.998198
0.996721
1.00123
1.00121
1.00215
0.999962
1.00149
1.00733
1.00281
1.00268
0.997641
0.998648
0.998181
1.00052
0.999955
1.00253
0.99369
0.998295
1.00037
0.999779
0.995318
0.999219
1.00408
1.00647
1.00539
1.00132
1.00521
1.00054
0.998777
1.00222
0.996521
1.00925
1.00681
1.00481
0.997227
1.00088
0.996466
1.00173
0.997468
1.00191
0.990997
0.999018
1.00516
0.9977
1.00544
1.00466
0.99642
0.993259
1.00262
0.995916
1.00261
1.00572
1.00013
0.997241
0.998002
1.00409
1.00237
0.997644
0.995405
0.998294
0.992107
1.00771
0.996745
1.00016
1.00334
1.00168
1.00011
0.998179
1.0058
0.994695
0.996139
0.994802
1.00065
0.995833
0.999712
1.00566
1.00333
0.999259
0.99818
0.998585
0.996351
0.995818
0.99818
0.997218
0.998259
0.998676
1.00033
0.99526
1.00492
1.001
0.998198
1.0029
0.998741
0.999126
1.00536
1.00015
0.99948
0.99712
0.995458
1.00318
0.999211
0.998967
0.996712
0.996123
0.994874
1.00233
1.00087
1.00298
1.00218
1.00304
0.997673
1.00149
0.995432
0.994085
1.00113
0.999407
1.00011
0.995664
1.00563
1.00315
0.997281
1.00457
0.995244
0.999287
0.990329
1.00198
1.00244
1.00117
1.00312
1.00061
0.999073
0.999645
0.99934
1.00374
0.998998
0.998647
1.00372
0.995222
0.996147
1.00158
0.990378
0.994813
1.00304
0.995588
1.00602
1.0016
1.00108
1.0002
1.00132
0.99916
0.997839
1.00274
1.00202
0.990974
1.0025
1.00059
1.00558
1.00288
1.00344
1.00019
0.997169
1.00072
1.00505
1.00296
0.996212
0.998506
1.00123
1.0012
1.00459
0.998878
1.00081
1.0017
1.00308
1.0015
1.00134
0.99928
0.999371
0.999672
0.997268
1.00166
0.997003
1.00494
1.00257
0.999956
1.00115
1.00152
1.004
0.998208
0.994915
1.00027
0.991345
0.995887
0.999628
1.00183
0.999562
0.994898
1.00432
1.00214
0.995222
1.00166
1.00074
0.999933
1.00374
0.996962
1.00004
0.994376
0.997878
0.999863
1.00185
1.00222
0.998486
1.00492
0.999687
0.999533
0.99946
1.0001
0.997908
0.998302
0.986417
1.00239
0.999774
0.999377
0.993919
0.997884
1.00449
0.997344
1.00046
1.00379
0.996384
0.998017
1.00307
0.998219
0.995487
0.999755
0.995611
1.00046
0.996141
1.00031
0.995964
0.999767
1.00021
0.996678
1.00296
0.999714
0.996993
0.99668
0.998313
1.00593
1.00264
1.00514
1.00078
0.999632
0.999871
1.0005
1.00063
0.998732
0.998727
1.00014
1.00562
0.997393
0.998952
0.997299
0.999277
0.994834
1.00131
1.00127
1.00434
0.997528
1.00235
0.994884
1.00377
1.00337
0.997739
1.00376
1.0027
1.00006
0.995932
0.993831
0.992899
0.999175
0.994523
1.00172
0.999395
1.00247
1.0034
1.00192
1.00107
0.996805
1.00087
1.00105
0.993796
0.995665
1.00093
1.00192
1.00489
0.992091
0.999337
1.0075
0.997746
0.997954
0.993411
0.999504
1.00522
1.00251
1.00177
1.00217
1.00199
1.01114
0.997824
1.00389
1.00609
0.998343
1.00066
0.994331
0.999882
1.00042
0.998279
0.995693
1.00209
1.00255
1.00145
1.00113
0.998787
1.001
0.997331
1.00322
0.997036
0.995286
0.990908
1.00293
0.995367
0.99714
0.999545
0.996591
0.998391
0.995987
1.00174
0.995251
0.995989
0.997374
0.998714
0.999954
1.00327
1.00073
1.00213
1.00189
0.998038
1.00337
0.997765
1.00089
0.999306
1.00038
0.99897
1.00596
0.99625
1.00298
0.999635
1.00199
0.996197
0.995261
0.991786
0.995054
1.00666
1.00493
0.997479
0.994055
1.00429
0.994438
1.00119
1.00728
0.992769
0.997779
1.00178
1.00117
0.99605
1.00068
1.00278
1.00313
1.00187
0.998525
1.0022
1.00319
1.00148
0.996502
0.998129
1.0059
1.0021
0.997604
0.999853
1.00385
0.998605
0.998847
1.00413
0.999011
0.999908
1.00099
1.00999
1.00356
1.00227
0.998881
0.997952
1.00341
1.00907
0.999286
0.997406
0.999028
0.997757
0.99959
0.996951
1.00412
1.00191
0.998627
1.00403
0.998805
1.00097
0.999182
0.99705
0.99755
0.997869
1.0017
0.99758
0.999975
1.00284
1.00543
1.00079
1.00398
1.00066
1.00215
0.995564
1.00674
1.00041
1.00075
0.99615
0.997427
0.99428
1.00031
0.994857
0.998265
0.993921
1.00349
1.00008
1.00173
0.998882
1.0009
1.00046
1.00412
0.999535
1.00703
1.0025
0.997806
0.998648
1.00084
0.999356
1.00052
1.00058
0.998476
1.00013
0.998615
0.991588
0.994902
0.996861
1.0008
0.997075
0.997208
0.998622
1.0066
1.00189
1.00246
0.996893
1.00104
0.998621
1.00734
0.995078
1.0041
1.00019
1.00148
1.00361
1.00076
1.00147
1.00462
0.996551
1.00041
1.00166
0.997611
1.00244
1.00041
1.00186
0.999461
1.00002
1.00055
0.996298
0.998433
0.999097
1.00352
0.996298
0.998292
1.00001
1.00877
1.00218
0.996492
0.998557
1.00105
1.00383
1.00076
1.00284
0.99836
1.00103
0.996548
1.00531
1.00812
0.99627
0.999801
0.99909
1.00636
0.998336
0.998171
0.999187
1.00288
0.998099
0.998896
0.997554
1.00293
0.99613
0.996028
1.00387
0.996491
1.00136
1.0033
0.995495
1.00539
0.999034
0.998186
1.00491
1.00038
0.997741
1.00303
0.99371
0.999012
0.99826
1.00236
1.00129
1.00379
0.997249
0.999171
1.00319
0.993116
1.00059
0.994487
1.00166
0.997768
1.00313
1.00304
0.993857
0.998281
1.00121
0.996068
0.991838
1.0012
1.00188
1.00106
1.00715
1.00452
1.00175
0.99624
1.00298
0.996671
0.997673
0.993024
0.9981
1.00007
0.992347
1.00017
0.998919
0.995728
0.997524
1.00301
0.994304
1.00336
1.00314
1.00663
1.0035
1.00039
1.00145
0.99453
0.99973
0.998584
0.993584
0.995968
0.998125
1.00547
1.00063
0.994626
1.00169
0.996487
0.999272
0.993694
1.00423
0.998368
0.998999
0.996557
1.00239
1.00078
0.995782
0.998896
1.00344
0.997823
1.00493
0.994418
1.00003
0.997991
1.00471
1.00824
0.994317
1.00347
1.00741
1.00569
1.00367
1.00134
0.999924
0.997452
0.994096
0.997072
1.00008
1.00229
1.00585
1.00155
0.9964
1.00003
1.00052
0.99797
1.00425
1.00034
0.995836
0.996921
1.0034
0.998313
0.998905
0.995519
1.0036
0.997661
1.00868
0.998861
1.00609
0.996222
0.995162
0.999698
1.00169
1.00154
1.00282
1.00201
1.0032
1.00409
1.00154
0.99489
1.00156
1.00094
0.998371
0.998052
1.00016
1.00049
0.999899
1.00042
0.999922
1.0028
1.00183
1.00335
1.00395
0.997594
1.00339
1.00069
0.999727
1.00653
0.999025
1.00211
1.00136
1.00099
0.998169
0.996384
0.997144
1.00281
0.999848
1.00162
1.00474
0.996942
0.999549
0.998675
0.995867
1.0015
1.00041
1.00251
0.999379
0.999801
0.998017
1.0068
0.998664
0.999275
0.998946
0.992325
0.998489
1.00197
1.00526
1.00136
0.995389
1.00162
1.00233
0.995177
0.999312
1.00385
0.994409
1.00172
0.9977
0.996073
0.998077
0.999677
0.9971
1.00186
0.998953
1.00288
1.00448
1.00658
0.999279
0.997956
1.00295
1.00518
0.995951
0.999432
0.997374
1.00006
0.99598
1.00458
1.00024
0.997311
1.00234
1.00179
0.999074
0.996685
1.00027
0.996068
0.999593
1.00178
1.0009
0.995088
0.999642
0.995451
1.00136
0.999471
1.00231
1.00527
1.00432
1.00343
1.00356
0.992864
0.995395
0.998505
0.996577
0.997141
0.997395
1.00138
0.994607
0.99909
1.00122
0.999468
0.999952
1.00105
0.999708
1.00382
1.00031
1.0014
0.996332
0.998011
0.99573
1.00024
0.998452
0.996209
1.0007
0.995758
1.00262
0.997777
0.994865
0.997976
1.00236
0.997906
1.00315
0.999522
1.00503
0.998456
0.999869
1.00291
1.002
0.997126
0.999555
0.995911
0.994211
0.996697
0.999442
1.00066
1.00033
0.998882
0.989438
0.997084
1.00053
0.996468
0.996954
0.999651
0.999145
1.00292
1.00857
0.999442
0.996193
0.997172
1.00735
0.994356
0.997618
1.00562
0.993364
0.989192
1.00118
1.00075
1.00237
1.00493
1.00573
0.999184
1.00323
0.998756
0.997487
0.990397
0.997945
0.997376
1.00339
0.999967
1.00072
1.00235
0.997377
0.999016
1.00554
0.997334
1.00359
0.999293
0.99835
1.00389
1.00083
1.00169
1.00351
0.99781
0.996717
1.00338
0.996796
1.00057
0.996773
1.00222
0.99512
0.998197
0.997635
1.00322
1.00375
0.993677
1.00378
1.0037
0.992606
1.00044
1.00485
1.00189
0.996828
0.999471
1.00525
0.998869
0.99836
1.00338
1.00339
1.00363
1.00015
0.993019
1.00001
1.00109
0.996656
1.00201
1.00566
0.99922
1.00115
0.99739
0.999191
1.00046
0.994864
1.00436
0.996803
0.993287
0.997837
1.0036
0.997974
1.00198
0.998433
0.999583
1.01151
1.00207
0.999545
0.997778
0.99439
0.994852
1.00249
0.993293
0.999957
1.00616
1.00099
1.00024
1.00316
0.994827
0.998364
1.00074
1.0015
0.999142
1.00284
0.994257
0.996786
1.00077
1.00164
1.0004
1.00316
1.00707
0.991042
0.996564
1.00152
0.999886
1.0012
1.00208
0.996607
0.999937
0.99783
1.00132
0.999961
1.00059
1.00195
1.00478
0.99639
0.997493
0.99708
0.999156
0.999042
1.00234
0.997146
0.999743
1.00061
0.997608
1.00299
1.00051
1.00438
1.00414
1.00522
0.999572
1.0003
0.996658
0.999899
0.996664
0.999435
1.00014
0.999538
1.00219
1.00117
0.995044
1.00117
1.0025
0.999759
0.996924
1.00361
1.00186
0.999114
1.00747
1.00082
0.999467
0.992923
1.00087
0.999485
0.998739
0.999273
0.999676
0.999139
1.00129
0.998948
1.00282
0.999049
1.00302
0.995555
0.995682
1.0022
1.00275
0.996415
1.00046
1.00262
0.996625
1.00056
1.00095
0.992991
0.996094
1.00537
0.997714
1.00284
1.00278
0.99853
1.00187
0.995557
1.0017
0.997002
0.996378
0.997191
0.996689
0.998935
1.00263
0.998161
0.998983
0.998408
1.00445
0.99754
0.998227
0.998647
0.997659
0.999616
1.00291
0.992839
0.998208
0.995885
1.00226
1.00001
1.00075
0.991547
0.998315
0.997765
0.999343
1.00595
0.995983
0.999363
0.999207
0.999358
1.00394
0.997565
0.999566
0.996187
1.00082
1.00089
0.998117
1.00455
1.00307
1.001
1.00131
1.00241
0.999478
0.9981
1.00331
0.998504
0.994988
1.00202
1.00231
0.997012
0.999665
1.00276
0.998879
1.00515
0.999958
0.993876
1.00369
0.999238
0.996384
1.00337
0.996861
0.996405
0.99913
0.994141
0.999925
0.997478
0.993901
0.999469
0.999993
1.00055
1.00375
1.00531
1.00242
1.00599
0.994276
0.997117
0.998742
0.999941
1.00252
0.997434
1.00215
0.993819
0.999068
0.997585
0.999396
1.00027
1.00188
1.00156
1.00061
1.00453
1.00069
1.00495
0.998586
0.995731
1.00056
1.0016
1.00099
1.00084
1.00179
0.996923
0.998411
1.00259
0.992872
0.996579
1.00278
0.993898
0.996324
1.00832
1.00207
0.996628
1.00128
0.998446
1.00214
0.999067
0.999184
0.996966
1.00116
1.00242
0.998563
0.995903
0.998544
1.00138
1.00114
1.00089
0.999522
1.00429
0.99245
1.00179
0.998829
0.996274
0.994587
0.998819
0.993379
0.99464
1.00288
0.999208
1.00089
0.999308
1.00096
1.00172
0.993441
0.99596
0.995344
0.996455
1.00211
0.996712
1.00181
0.99548
1.00135
1.00478
0.997791
0.994192
0.999983
0.99825
0.999207
0.999366
0.997768
1.00731
1.0041
0.999057
1.00281
1.00026
0.99918
0.996448
1.00434
0.99941
0.994751
1.00172
0.99945
0.992889
0.997115
0.998904
1.00052
0.995763
1.00455
0.995081
1.00555
1.00118
0.995853
1.0052
0.99785
0.995947
1.00069
1.00505
1.00019
1.00137
1.00738
0.999237
0.998789
0.995868
1.0054
0.996632
0.99921
0.996221
0.999616
1.00018
1.00099
0.99455
0.996827
0.996833
1.00076
1.00347
0.996799
1.00412
1.00245
1.00071
1.0006
1.00206
1.00096
0.999773
1.00172
0.998559
0.999045
1.00284
0.99747
0.996387
0.992053
0.999626
1.00172
1.00229
0.997391
1.00584
0.997634
1.00306
1.00166
1.00485
0.997178
0.998637
1.00435
1.00446
0.997277
1.00328
0.999343
0.991224
1.00145
0.991291
0.998803
1.00587
1.00157
1.00017
0.995783
1.00535
0.99512
1.00344
0.992664
1.00517
0.999928
0.998035
0.994976
1.00131
1.00226
1.00098
0.999951
0.997166
1.00154
1.00026
1.00022
0.999057
0.997292
1.00126
0.997353
0.997781
1.00415
0.998594
0.996398
1.00392
0.994543
0.995475
1.00198
0.99953
1.0025
1.00259
0.991563
1.00285
0.995479
1.00069
0.996295
1.00242
0.999782
1.00034
0.999823
1.00254
1.00548
0.998314
1.00498
0.997293
0.998304
0.996737
0.996168
0.998287
1.00038
1.00553
1.00346
0.998727
0.999602
1.00274
1.00344
1.0013
0.997882
0.9936
1.00697
1.00383
0.997878
0.996945
0.994919
1.00228
0.999257
0.99593
0.996361
0.997236
1.00344
0.999237
0.999566
0.999152
1.00184
0.999938
0.994511
1.00476
1.00196
0.999315
0.997073
0.999072
0.996568
0.996321
0.995704
1.00024
1.00065
1.00063
0.997159
1.00139
1.00355
1.0018
0.99725
1.00491
1.00661
0.9918
0.99971
1.00014
1.00228
1.00109
0.99865
1.00484
1.00366
0.99539
1.00103
0.999377
0.999829
1.00031
1.00204
1.00213
1.00077
0.999553
1.00253
0.999254
1.00591
1.00085
0.997112
1.00098
0.997803
1.00261
0.996233
1.00459
0.997521
1.00016
0.999666
1.00469
1.00273
1.00277
1.00488
1.0006
0.99825
0.996945
0.996324
1.00162
1.00345
0.991587
0.997137
1.00177
1.00476
0.994989
1.00034
1.00049
0.997
1.00146
0.989046
0.998373
1.00005
0.998927
1.00041
1.00013
0.999387
0.995209
0.995369
0.997849
0.99869
1.00617
0.998667
0.994306
0.996875
1.00144
0.993326
1.00286
0.99096
0.99667
1.00311
1.00414
1.0016
0.994288
1.00254
0.996773
1.0011
1.00001
0.991947
0.999387
1.00288
0.997615
1.00082
0.992915
0.996928
0.999579
1.00049
0.999585
1.00261
0.999466
1.00509
1.00197
1.00528
0.998307
0.99852
1.00158
1.00144
0.999943
0.999374
1.00522
0.993263
1.00282
0.997097
1.00713
1.00474
0.994923
1.00605
0.994811
0.998837
0.999279
1.00483
1.0018
0.999304
1.00396
1.00283
0.99061
1.00576
1.00608
1.00181
0.998891
0.99881
1.00316
1.00018
0.995028
0.997853
1.00093
1.00458
0.996989
1.00052
0.997004
0.991872
1.00472
0.999029
1.0038
0.998749
1.0035
0.999572
0.99944
1.00148
1.00527
1.00597
0.996471
1.00141
1.00196
1.00573
1.00077
1.00584
0.997827
0.996269
1.00394
0.998586
0.991846
0.999021
0.999798
1.00524
1.00635
0.991033
0.998949
0.999121
0.995074
0.997259
0.997574
0.997447
1.00109
0.999714
1.00157
0.999086
1.00054
1.00266
0.998722
1.00255
0.998833
1.00038
1.00396
0.997844
1.00164
1.00049
0.999832
0.99795
1.00533
0.998142
0.999815
1.00342
0.999685
0.995709
1.00575
0.998877
1.00244
0.999289
0.998087
1.0021
1.00192
0.999297
1.00168
1.00084
0.99024
1.00514
0.998215
1.00277
1.00018
0.998841
1.00027
1.00804
0.993691
1.0028
1.0012
0.999928
0.998598
1.00267
0.997759
1.00222
0.997662
0.995023
0.998481
1.00211
0.995983
1.00221
0.996665
1.00234
1.0024
0.997139
0.995641
0.998776
1.00311
1.00221
0.997953
0.998754
1.00216
0.992576
0.999826
1.00185
1.0041
1.00076
1.00638
0.999855
0.997576
0.998226
0.998628
0.999359
1.00197
0.998745
1.00104
1.00498
0.998812
0.997039
0.999103
1.0016
0.999518
0.995149
0.999233
1.00159
1.00514
0.992778
1.00361
1.0077
1.00307
0.994291
1.00011
1.00353
1.00582
1.00185
1.00051
0.996784
1.00828
0.996868
0.997549
1.00813
0.998698
0.996474
1.00246
1.00007
1.00031
0.997805
0.995986
0.992266
1.00277
0.999182
0.993009
0.999422
0.99813
1.00125
1.00668
0.993879
1.00472
1.00168
1.00255
1.00309
0.995482
1.00867
1.0025
0.995181
0.996442
0.999597
1.00579
1.00504
1.00071
0.994623
1.00638
1.00139
0.997873
0.999959
0.992659
0.999988
1.00702
1.00041
0.998702
1.00142
0.992865
1.00021
1.00316
0.992016
0.999587
1.0027
0.998707
1.00107
0.9922
1.00267
1.0037
0.999027
0.999852
1.00318
0.998332
1.00123
0.998741
1.00124
0.998798
1.00009
0.998757
1.00279
0.99867
1.00184
0.99386
1.00108
1.00185
0.999399
1.00439
0.998765
0.993759
1.00249
1.00043
1.00238
0.998021
0.998656
0.99818
1.00276
0.993053
0.999486
0.998038
1.00489
0.999746
1.00141
1.00416
1.00071
0.997339
1.00772
1.00469
1.00194
0.996375
0.999353
1.00345
1.00252
0.994935
1.00542
0.998819
0.99825
0.997433
0.995297
1.00298
0.996985
0.999432
0.997238
1.00016
0.999517
0.997894
1.00159
0.999763
0.999072
0.99991
1.00172
1.00462
0.998598
0.998361
0.996508
1.00307
0.998249
0.994171
0.996231
0.998869
1.00206
0.998957
1.00214
0.99744
0.99941
1.00236
1.00702
0.995421
1.00069
0.999083
0.99871
1.0021
1.0026
1.00422
1.00011
0.998121
0.999984
0.992068
0.998707
0.998343
1.00058
0.9959
0.990588
1.00323
0.999088
0.995697
0.998762
0.998754
0.998343
0.996592
1.00139
0.996768
0.992157
0.999501
0.998808
1.00101
1.00282
0.994822
1.00362
1.00213
0.996049
0.994841
1.00381
0.995236
1.00592
0.992332
1.00063
0.998047
1.00919
1.00317
1.00165
1.00046
0.99688
0.995846
0.999393
1.00508
0.997523
0.99784
1.00296
1.00391
1.00474
0.996467
1.00064
1.00418
1.0027
1.00227
1.00303
0.995152
0.997411
0.994938
0.995211
1.00248
1.0016
0.998303
0.997962
1.0008
1.00614
1.00155
1.00116
0.991047
1.00024
1.00182
1.00419
0.997294
1.00446
1.0033
0.994901
1.00285
1.00177
1.00091
1.00099
0.999651
1.00054
1.00149
1.00279
1.00972
0.997321
1.00184
1.00292
0.995631
1.00211
0.999218
0.996714
1.00513
1.00253
1.00443
1.00025
0.994035
1.00301
1.00193
1.00156
0.999943
1.00148
0.995545
0.996258
0.994456
1.0053
1.00315
1.00575
0.998401
1.00548
0.998951
0.999152
1.00135
0.996769
1.00651
1.00321
0.997314
1.00617
1.00056
1.00525
0.999492
1.00713
1.00019
0.999951
0.998664
1.00182
0.99418
0.998466
0.999893
1.00165
1.00122
0.994997
0.995113
0.999379
0.998179
0.998653
0.998272
0.994487
1.00373
1.00096
1.00646
1.0025
0.995418
1.00481
1.00222
1.0007
1.00445
1.00244
0.995205
1.00242
0.999193
0.999005
0.997379
1.00476
1.0003
1.00245
1.00102
0.992781
1.00028
0.995461
0.998109
1
1.00125
1.00319
1.00494
1.00002
0.997039
0.991785
0.997103
0.996274
1.0006
1.00486
0.999907
1.00377
1.00218
0.999775
0.996849
1.00309
0.996774
1.00167
0.996636
0.996646
1.00918
1.00173
0.99872
1.00737
0.995171
1.00188
1.00356
0.998745
0.998284
0.994196
0.998498
0.995693
1.00435
0.999706
0.996574
1.00095
0.994933
1.00258
0.998419
0.998846
1.00224
0.997432
1.00013
1.00094
1.00088
0.997166
0.999169
1.00092
1.00436
1.00233
1.00241
1.00385
0.996396
0.997972
0.991237
0.999518
1.0007
1.00712
0.99505
1.00255
1.00249
0.995623
1.01367
0.997693
0.999624
1.00468
1.00318
1.00224
1.00055
1.00726
0.998053
1.00259
1.00327
0.993908
0.999034
0.998129
1.0025
0.998151
0.991964
1.00687
0.998931
0.996269
0.999392
0.994686
0.994722
0.995438
0.999678
1.00053
0.99587
1.00161
1.00376
1.01014
0.99356
1.00292
1.00337
1.00049
1.006
0.99729
1.00051
1.00176
0.996362
0.995165
1.00092
1.00374
0.997311
1.00182
1.00471
1.00152
0.997928
1.00168
1.00286
1.00044
0.999896
0.998523
1.0016
0.99692
1.0051
0.998098
0.997063
0.99475
1.00378
0.996974
1.00487
1.00545
0.996816
0.995585
1.00277
0.998584
1.00445
1.00299
0.998962
1.00238
0.997887
0.996067
0.999274
0.999375
0.991429
1.00123
1.00091
1.00395
0.993587
0.999544
1.00064
0.998831
0.997173
0.998288
0.997391
1.00035
1.00513
1.00355
1.00238
0.997199
1.00378
1.00358
0.997449
0.997551
1.00203
1.00035
1.00101
1.00302
1.0037
1.00221
0.997435
1.00124
1.00104
0.998557
1.0005
0.999312
1.00183
0.999217
0.99648
1.00403
1.00365
1.00485
1.00078
1.00205
1.00307
0.997849
1.00191
1.00257
0.998751
1.00317
0.997009
0.996515
0.990696
0.995217
0.999269
1.00268
1.00078
1.00353
1.00569
1.00203
1.0003
1.00385
0.998518
1.00304
1.0025
1.00245
1.00338
1.00041
1.0056
1.00288
0.996093
1.0037
0.998029
1.0096
0.996886
1.00122
1.00536
0.999754
1.00222
0.99843
0.994025
0.996788
0.995571
0.999614
1.00203
1.00277
0.995945
0.997707
1.00177
1.00114
1.00151
0.999139
0.999442
0.997721
0.996944
0.996913
0.998831
0.999004
0.998361
0.994066
1.0036
1.00178
0.999744
1.006
1.0055
0.998542
0.998097
0.999846
0.998863
0.998293
0.999375
1.00366
1.004
1.00493
0.995608
0.997386
0.995507
1.00182
1.00046
1.0003
0.999014
1.00181
0.999295
0.997837
1.00366
1.00355
0.993392
0.998968
1.00532
0.999823
0.996288
1.00269
1.00359
0.999403
1.0017
1.00081
0.999404
0.997801
1.00311
0.996421
1.00263
1.00076
0.999658
1.00223
0.995384
0.998897
1.001
1.00521
1.0015
0.999445
1.00339
0.99694
1.00129
0.996826
0.998384
0.998313
1.00258
0.996472
0.996336
0.996922
1.00135
1.00328
1.00319
1.00087
1.0022
1.00377
1.00287
1.00049
0.999583
0.999222
0.994739
1.00102
1.00024
0.996838
1.00195
0.992208
1.00638
0.997207
1.00321
0.998178
0.992136
1.00138
0.998524
1.00308
1.00133
1.00331
1.00555
0.99766
0.997195
1.0005
1.0051
0.998733
1.00533
1.00075
0.998408
0.995594
0.99785
0.995331
1.00105
0.99907
1.00196
0.996053
0.996617
0.998518
0.999298
1.0016
1.00018
1.00821
1.00291
1.00205
0.997987
0.997779
1.00561
1.00075
0.994157
1.00194
1.00305
0.988348
0.995996
1.00351
1.00134
1.0013
0.99936
1.00221
1.00043
1.00077
1.00157
1.00081
1.00383
1.00335
0.995907
0.999681
1.00252
0.999452
1.00495
1.00189
1.00028
0.998442
0.994738
0.99993
0.999496
0.997217
1.00149
1.00016
0.998073
1.00373
1.0016
0.996482
0.997585
0.999248
0.99796
1.00311
1.00252
0.99441
0.998195
0.994788
0.994992
1.00329
0.997001
1.00039
1.00131
1.00114
0.99949
1.00349
0.999419
0.999217
0.997159
0.993575
1.00254
1.00481
1.00206
1.00035
0.996341
1.00123
1.00334
1.00104
1.0018
1.00239
1.00612
0.998537
1.00415
1.0002
1.00694
0.998791
0.996414
0.99763
1.01131
1.00029
0.998489
1.00155
0.999857
1.00155
0.996445
1.00225
0.997215
1.00256
0.998141
0.997629
0.997318
1.00775
1.00219
1.00352
0.999868
0.998362
0.998018
0.999375
1.00345
1.00339
0.999967
1.00495
0.993939
1.00096
0.997285
0.993442
1.00181
1.00366
0.99588
1.00359
1.00108
0.995268
1.00354
0.998745
1.00176
1.00115
0.999318
1.00091
1.00497
1.00011
0.995716
0.998193
0.995531
1.00049
0.998092
1.00153
1.00207
0.999652
0.99813
1.00245
1.0042
0.995961
0.996375
0.998436
0.996885
0.998018
0.994326
1.00501
1.00338
0.99696
1.00064
1.00214
1.00262
0.99753
0.997379
0.998897
1.00114
1.00395
0.998924
1.00138
1.00083
1.00727
1.00398
1.00506
0.994629
1.01368
1.00891
0.998612
1.00357
1.00204
0.997892
0.994809
0.994702
0.999673
1.0017
0.998111
0.998702
1.00649
0.99919
1.00257
1.00221
0.998198
0.995214
1.00189
1.00571
0.997983
1.00147
0.998439
0.99427
1.00193
1.00408
0.988823
1.00011
0.997763
0.997568
1.00138
0.995517
0.998996
0.994231
1.00268
0.999765
1.00452
0.999716
0.999632
1.00538
1.00407
0.998256
1.00618
1.00585
1.0011
0.999013
0.988654
1.00046
0.999909
1.00167
1.00315
0.99412
1.00232
1.00235
0.998738
0.995995
0.996746
0.997985
1.00046
1.00257
1.00419
1.00478
0.996321
1.00315
1.00376
1.00124
0.999848
1.00121
0.99708
0.995693
1.00009
1.00423
0.997198
1.00006
0.999363
0.998978
0.99772
0.998723
0.998669
0.994589
1.00372
0.998818
1.00459
1.00114
1.00515
1.00347
0.997551
0.999759
0.999696
0.992049
1.00126
0.999698
0.995238
0.995938
0.999936
1.00004
1.00344
0.997375
1.00059
1.00501
0.997069
0.995173
1.00101
0.998658
1.00192
0.998572
1.00909
0.997856
0.999846
1.00114
1.00164
0.999381
1.0029
1.00301
0.998163
0.999843
0.997178
1.00091
0.999005
0.99935
0.997826
1.00153
0.999579
1.00018
1.00071
1.00428
0.996889
0.995817
1.00495
1.00489
0.996393
0.995141
1.00134
0.996996
0.998681
0.996503
1.00124
1.00289
1.00163
0.997268
0.999139
1.00741
0.996918
1.00772
1.00131
0.999824
1.00261
1.00053
1.00129
1.00417
1.00353
1.00264
1.00289
1.00336
1.00143
0.996974
0.998366
0.998938
1.00333
0.997212
1.00111
1.00255
0.989499
0.998884
1.00059
1.00257
0.998472
0.99791
0.999441
1.00111
1.00067
1.0054
1.00027
1.00484
0.999144
0.998807
0.997703
1.00043
0.99852
1.00509
1.0036
0.998163
1.00128
1.00541
1.00114
0.994915
0.99714
0.99037
1.00036
1.00093
1.00038
0.997783
1.00281
1.00262
0.994543
0.995325
1.00615
0.99864
0.995806
1.00483
0.998644
1.00767
1.0087
0.999432
1.00254
0.998256
0.995915
0.99896
0.997294
1.00166
0.997788
1.00008
1.00227
0.999906
1.00258
0.993236
0.99832
0.998097
0.99971
0.99725
1.00537
0.992254
0.996766
1.00112
1.00213
1.00022
0.995789
0.996675
1.00421
0.998174
0.99661
0.999358
1.00659
1.00342
1.00123
0.999003
1.00374
0.999672
0.99752
1.00052
1.00053
0.995844
1.00238
0.996837
1.00236
1.00468
1.00169
1.00487
0.999161
0.993744
1.00671
1.00467
0.995405
0.997654
1.00319
1.00503
1.00075
0.998489
1.0006
0.997972
0.998966
0.997851
1.00044
1.00159
0.999358
1.00378
0.998125
0.999009
0.997939
1.00134
1.00344
1.0045
0.994129
1.00083
0.998948
0.997158
0.997436
1.00354
0.990435
1.00343
1.00083
1.0033
0.999157
0.995005
0.997599
1.00307
1.00195
1.00155
1.0001
1.00455
1.00859
0.991581
1.00112
0.99591
0.994412
1.00113
0.998458
1.00016
0.998371
1.00211
1.00476
0.998007
0.997254
0.999114
1.00175
1.0077
1.0019
0.997442
0.997869
0.998622
0.993576
0.999705
0.996554
1.00484
0.996945
1.00084
0.996162
1.00762
1.00006
0.996481
1.00253
1.0014
0.996273
1.00495
0.997297
0.999874
0.996485
1.00447
1.00469
0.995254
0.998444
1.00469
1.00225
1.00051
0.99497
1.00419
1.0038
0.996446
0.996422
1.00077
0.993847
0.99752
1.00102
1.00419
1.00404
0.999764
0.999008
1.00396
0.993705
0.999698
1.00492
0.99773
0.997457
1.00734
0.998583
1.00146
0.9912
0.998655
0.997645
0.995839
1.00546
0.995287
1.00074
0.997704
1.00002
0.996305
1.00137
1.00092
0.998833
0.999356
1.00498
1.00234
1.00017
0.994417
1.00221
0.99877
1.00115
1.00117
0.995152
0.997783
1.00465
0.998294
1.00568
0.998294
0.998026
0.999631
1.00428
1.00293
1.00364
0.995829
0.995529
0.999866
0.998468
1.00075
1.006
1.0012
1.00673
1.00218
1.00419
1.00185
0.99619
1.00718
0.995185
0.999034
0.992339
1.00454
1.00162
1.00061
1.0031
0.997536
0.993709
0.996143
0.997582
1.0022
1.00089
1.00137
0.999473
1.00218
1.0008
1.0011
1.00116
0.997548
0.999159
1.00276
1.0026
0.999168
1.00542
0.997376
1.00234
0.99651
0.999391
0.997299
0.998919
1.00197
1.00073
0.998351
0.998331
0.997742
1.0037
1.00213
0.997425
0.99756
1.00248
1.00424
1.0036
0.999063
0.996488
1.00737
1.00206
0.992949
1.00036
0.998416
1.00319
1.00172
1.00275
0.996603
1.0013
0.997837
1.00735
0.998253
0.99942
0.998869
1.00723
1.00028
1.00619
0.997248
1.00069
0.998004
0.99787
1.00456
1.00242
1.00492
0.999095
1.00265
0.998346
1.00462
1.00365
0.997807
0.999212
1.00152
0.99797
0.998902
1.00023
1.00381
0.998968
0.993885
0.99923
0.998166
0.995726
0.996619
0.995781
0.996524
0.996636
1.00186
0.999244
1.00587
0.994956
0.99873
0.997397
1.00383
1.00152
1.00248
0.998561
1.00342
0.999939
0.996099
1.00208
0.996346
0.999401
0.992737
1.00226
1.00244
1.00261
0.995917
0.998863
1.00712
0.9975
0.993555
0.998696
1.0017
1.0007
1.00938
0.997408
0.999261
1.00186
1.00095
1.00381
1.00658
1.00268
0.998697
0.996159
1.00507
0.997012
1.00159
0.994562
0.998782
1.00355
1.00563
1.00083
0.996617
0.997777
0.99824
1.00003
1.00229
0.99967
1.00046
1.0015
1.00471
1.00237
1.0005
0.992448
0.999052
0.999238
1.00344
1.00175
1.00292
1.0018
0.998591
1.0021
1.00112
1.00191
1.00196
0.997875
0.996053
0.999149
1.00528
0.999413
1.00345
1.0023
1.00102
1.00414
0.996437
0.991345
0.996872
1.00186
0.999653
1.00242
1.00385
0.997424
0.995538
0.998559
1.00301
0.999324
1.00038
0.994187
1.00728
0.997563
0.999607
0.996674
1.00279
1.00103
1.00234
0.994249
0.995319
1.00296
1.00275
0.994106
1.00211
0.997466
1.00083
1.00178
1.00348
0.996691
0.999618
0.997623
0.998433
0.997227
1.00046
0.995081
0.997858
1.00457
1.00003
1.00059
0.995208
1.00492
1.00631
0.995569
0.999633
1.00602
1.0014
1.00378
1.00381
1.00101
0.997228
1.0033
0.997731
1.00062
0.998193
1.00674
1.00263
1.00121
1.00117
0.998832
0.99939
0.996443
0.999035
1.00511
0.993278
1.00523
1.00005
0.994335
0.997335
0.993033
0.995567
0.999344
0.998714
1.00213
1.00088
0.995363
1.00036
0.992865
1.00315
0.991916
1.00608
1.0021
0.999362
1.00296
0.999066
0.998624
1.00273
0.998263
1.00269
0.997454
0.999323
1.00077
1.00073
0.999502
0.999959
0.999243
0.998802
1.00086
1.00036
0.996316
0.999459
0.998325
0.998543
0.997588
0.994864
1.00516
0.999281
1.00098
1.00273
0.999187
1.00247
1.00256
1.0015
1.00126
0.99891
1.00061
1.00457
0.995431
1.00241
1.00142
0.997412
1.00185
0.999171
1.00458
0.99303
0.997616
0.993796
1.00153
1.00241
0.996079
1.00336
1.00479
1.00585
0.995715
1.00269
0.993646
0.997425
0.993668
1.00219
1.00453
1.00329
0.99484
1.00102
0.997753
1.00153
1.00174
0.995921
1.00227
1.00248
1.00485
1.00383
0.998206
1.00489
1.00011
0.99883
0.996703
1.00504
1.0004
1.00269
0.997117
0.997347
0.999526
1.00551
0.992559
1.00127
0.999911
0.997152
1.00013
1.00373
1.00263
0.999635
0.996369
1.00096
0.999917
0.999118
1.0007
0.996636
0.996228
0.997559
0.996299
0.99863
1.00135
0.998613
0.997881
1.00483
0.991116
1.00248
1.00651
0.997815
0.997166
0.998909
1.0013
0.995855
0.994224
1.00113
1.0049
0.998852
0.999683
0.99406
1.00276
0.997028
1.00021
0.997026
0.999908
1.00457
0.990262
0.996687
1.00196
0.999778
1.00965
0.994488
1.0012
0.995555
0.997481
0.999531
0.996395
1.00081
0.99656
1.00455
0.999838
1.00569
0.997408
1.00135
0.996925
0.991721
0.994238
1.00334
1.00567
1.00197
0.995112
1.00121
0.997347
0.997956
0.996657
0.997383
1.00703
0.998737
0.993806
1.00353
