1.00075
1.00068
1.00101
1.00202
0.999949
1.0049
0.995931
0.999043
0.999103
0.995523
0.997966
0.999099
0.994718
0.999868
0.998046
1.00164
0.99749
0.999737
1.00449
0.997862
1.00105
0.998777
1.0068
0.998829
0.998123
0.995028
1.00042
1.00232
1.00377
1.00193
1.00122
0.992218
1.0023
0.999506
0.99639
0.998162
0.99842
0.996442
0.998738
0.999721
1.00004
0.997842
1.00219
1.00272
1.00256
1.00219
0.998615
1.00247
0.99895
1.00568
0.998027
1.00468
1.00641
1.00009
1.00006
0.995373
0.999641
0.997933
0.998479
1.00229
0.998571
0.999573
1.00139
0.998291
0.995268
1.00185
0.996116
0.998052
0.999231
1.00572
1.00206
1.00352
1.00264
0.997725
0.996221
1.00073
0.998382
0.998697
1.00002
0.997815
0.994318
0.99949
1.00515
0.997658
1.00433
1.00113
0.995641
0.992724
0.996147
1.00078
1.00211
1.00048
1.00588
1.00132
0.995673
0.996254
1.0043
0.998973
0.997945
0.99624
1.00487
0.998651
1.00004
1.0017
1.00194
1.00391
0.998627
1.00177
0.99794
0.998487
1.00038
0.997927
1.00296
1.00058
0.999211
1.003
0.996571
1.00215
0.998377
0.995508
1.00237
0.996381
0.998806
1.00218
1.00117
1.00151
1.00757
0.997854
1.00191
1.00079
0.999759
1.00146
0.998274
1.00521
1.00117
0.998177
1.00213
0.995519
1.00401
0.994806
0.999967
1.00169
0.997811
0.998918
1.00081
1.00178
0.999979
0.998037
1.00183
0.997941
1.00145
0.99909
0.998745
0.999214
1.00122
1.00753
0.998419
1.00247
1.00138
0.999961
1.00531
0.998642
1.00174
1.00264
0.996304
1.00239
1.00253
1.00196
1.00206
1.00193
0.999669
1.00226
0.994711
1.00524
1.00073
1.00095
1.00374
0.998902
1.00138
0.995462
1.0033
1.00163
0.997993
0.99693
1.00259
0.997637
1.00033
0.997747
0.996284
1.00245
0.997355
1.00097
1.00492
0.997673
0.996755
1.00274
1.00035
0.99908
1.00179
0.99819
0.997211
1.00475
0.997071
0.999307
0.996564
1.00061
0.998456
1.00296
0.999602
1.00059
1.00175
1.00179
1.00282
0.997625
1.00231
1.00226
0.999439
1.00339
1.00085
1.00179
1.00466
0.995267
1.00147
1.00077
1.00221
0.997565
1.00255
1.00591
1.00249
0.999769
1.00091
0.997565
1.00055
0.999616
0.999249
1.0004
1.00102
1.00462
1.00201
1.00151
1.00233
1.00183
0.998444
0.999153
1.00171
0.998318
1.00523
1.00051
1.00148
0.999022
1.00317
0.999665
1.00837
1.00364
0.999486
0.998547
1.00461
0.998811
0.996895
0.998109
1.00087
0.999226
1.00098
1.0009
1.00102
1.00334
0.997642
1.00029
0.999535
0.995107
1.00001
0.998585
0.995861
0.995846
1.00049
0.998293
1.00226
0.999832
1.00437
0.998574
1.00004
0.997883
1.00021
0.997699
1.00187
1.00017
1.0032
0.995264
1.00316
1.00059
1.00168
1.00208
0.998434
0.999401
0.998836
0.997445
1.00036
1.00352
1.00603
0.998918
0.999893
1.00387
0.998543
1.00165
1.00393
0.99754
1.0024
0.994311
1.00191
0.999609
1.00302
0.99763
1.00008
1.00013
0.996229
0.998999
1.0006
0.999149
0.997496
1.00104
1.00024
0.999503
0.999375
1.00062
1.00099
0.998998
0.995048
1.00051
0.998436
1.00212
0.99448
0.996807
1.00247
1.00099
0.999299
1.00415
1.00067
1.00061
0.999428
1.00533
1.00153
1.00237
1.00112
1.00688
0.998565
0.999831
1.00097
1.00094
0.997727
0.999494
1
0.998079
1.00079
0.997279
1.00485
0.998138
0.997329
0.994332
1.00068
1.00122
0.99959
0.998099
0.995472
1.00051
0.996981
0.993656
1.00295
1.00163
0.998083
1.00149
1.00056
0.999153
1.00285
1.00313
0.998554
0.998455
1.00484
1.00211
1.00082
0.998427
1.00158
1.00209
1.00288
1.00036
0.998236
0.997583
1.00283
1.00163
0.999509
0.998814
1.00069
0.998564
1.00192
1.00118
0.998411
0.998712
1.00598
1.00186
1.00142
0.996518
1.00176
0.999421
0.997235
1.00217
1.00194
0.99943
0.999622
0.998439
1.00206
0.996512
0.996298
1.00635
1.0022
0.998544
1.00001
1.00145
0.999396
0.999536
1.00018
0.998526
1.00165
0.999667
0.999874
1.00435
1.00054
1.00167
1.00256
1.00113
0.998345
1.00214
0.998464
1.00169
1.00221
1.00084
1.0006
0.998689
1.00525
0.999563
1.00433
0.997058
0.995911
1.00083
0.999388
1.00262
0.999478
0.999159
1.00214
0.999994
0.998567
0.996888
1.0037
0.994862
1.00023
0.999576
0.994767
1.00159
1.00208
0.990196
1.00094
0.999372
0.99995
1.00086
0.998649
1.00107
1.00265
1.00085
0.998737
0.997041
1.00272
0.998154
0.998429
0.998893
0.996651
0.996947
0.998505
0.997014
0.999211
0.997684
1.00003
0.994579
0.996246
1.0008
1.00454
0.997288
1.00331
0.998616
0.998796
1.00205
1.00236
0.999508
1.00229
0.999806
0.996038
1.00339
1.00189
0.997505
0.995772
1.00276
1.00249
1.00077
0.996642
1.00088
0.996713
1.00013
0.999467
0.998216
1.00023
0.996061
1.00691
0.998214
0.999986
0.998789
0.999218
0.996791
0.999854
1.00143
1.00093
0.997158
1.00182
0.998693
1.00493
1.00209
0.998876
0.999402
0.998803
1.00261
0.998294
0.997986
0.997523
1.00049
1.00003
1.00127
1.00149
0.9991
1.0004
1.00034
0.99759
1.00524
1.00075
0.999326
0.998313
0.996861
1.00485
1.0022
0.998104
1.00293
1.00002
1.00463
0.993376
1.00073
1.0013
1.00021
0.998856
1.00041
0.999554
0.998176
1.00304
1.00254
1.00398
0.999109
0.997581
0.995443
0.998196
1.00105
1.00046
0.995349
0.998433
0.99948
1.00304
0.996231
0.996189
0.99941
0.995827
1.00075
1.00073
0.998739
1.00017
0.997172
1.00198
0.995774
1.00238
1.00215
1.00153
1.00126
1.00055
1.00164
0.997321
1.00363
1.00278
1.00465
0.999753
0.997374
0.996893
0.998858
1.00137
0.998523
0.99782
1.00212
1.00441
0.996449
1.00474
0.997523
0.998094
1.0007
0.99955
0.997274
1.00029
0.994426
1.00003
1.00099
1.00004
1.00122
0.995665
0.996771
1.00018
1.00235
1.0033
0.999481
0.999827
1.00018
0.997546
0.99827
0.997546
0.995498
1.00286
0.998385
0.994972
0.999055
1.00403
0.997808
1.00364
1.00135
0.99848
1.006
1.0038
1.00259
1.0027
0.996946
1.00177
0.999415
1.00031
0.997779
0.994536
1.00178
1.00036
1.00086
0.999208
0.997809
1.00027
1.00463
1.00384
1.00252
0.995051
1.00029
0.997712
1.00442
0.999682
1.00029
1.00534
1.00028
1.00204
1.00247
1.00092
0.998549
0.994942
1.00252
0.994449
0.997564
1.0007
1.00284
1.00406
1.00297
1.00284
0.996385
0.998812
0.999846
1.00117
0.998326
1.00179
0.995825
1.00094
1.00747
1.00087
1.0032
0.999048
1.00332
1.00048
1.0004
1.00323
1.00077
0.998616
1.00141
0.999086
1.00307
0.999913
0.999473
1.00078
0.996995
1.00156
1.00072
1.00205
0.996347
1.00425
1.00358
1.00314
1.00073
1.00127
0.999458
0.998492
0.999131
0.998938
0.999796
1.00317
1.00207
1.0006
1.00327
1.00142
0.99932
0.999913
0.999937
1.00173
0.997265
1.00145
1.0011
1.00099
1.00049
0.997026
0.996681
1.00183
0.999124
1.0009
1.00153
1.00094
0.995067
1.00261
0.999736
0.999671
0.993195
1.00195
0.999511
1.00165
0.995128
1.00208
1.00073
1.00039
1.00219
1.00039
1.00154
0.996822
1.0001
0.995345
0.997177
0.997912
1.00554
0.999669
1.00278
0.999757
0.998854
0.997001
1.00059
1.00294
0.997992
1.00127
1.00106
0.99803
1.00015
0.999682
0.999415
0.997399
0.995018
0.996978
1.00488
1.00313
0.996605
1.00142
1.00346
0.999494
1.00019
0.998234
0.996499
1.00026
1.00219
1.00209
0.999184
0.999007
0.998807
0.999717
0.999869
0.998454
0.999257
1.00167
0.998726
0.999821
1.00288
1.00019
1.00013
1.00255
1.00338
0.99703
1.0004
0.999346
1.00093
1.00171
0.999329
0.999204
0.997383
0.995996
1.00141
1.00165
0.995675
1.0007
1.00196
0.999421
1.00058
1.00357
0.998812
1.00188
0.999989
0.997364
1.00247
0.997019
1.00101
1.00016
1.00381
0.997922
0.999024
0.997235
1.00534
1.00006
0.999378
0.994842
1.00485
0.996412
1.00066
0.99749
0.99748
0.999537
0.995414
1.00364
1.00118
1.00134
0.999097
1.00372
0.999264
1.0008
0.99787
0.997079
1.00268
1.00096
1.00401
1.00205
0.999222
0.994991
0.999965
0.996619
1.00094
1.00139
1.0029
1.00201
0.998933
1.00455
0.998599
1.00136
0.998849
1.00375
1.00185
0.998834
0.996389
0.997622
0.997281
1.00443
0.999357
1.00007
1.00286
0.99815
1.00047
1.00114
1.00037
1.00503
0.998308
1.00026
0.999023
0.999208
1.00247
1.00091
1.00051
1.00054
1.00013
0.997045
1.00147
0.998662
0.994286
1.00376
0.997824
0.999444
0.998503
0.997933
1.00423
0.999755
0.999997
1.00022
0.998132
1.00407
0.999734
0.99875
0.996428
0.997392
0.998866
1.00299
0.996508
0.996882
1.00032
1.00097
0.999026
0.999651
0.998907
1.0043
1.00357
1.00436
1.00026
0.9972
1.00473
1.00055
0.999666
0.99581
1.00207
0.995577
0.99763
0.99923
1.00069
1
1.00118
1.00051
1.00056
0.997056
0.994853
1.00022
0.997164
1.00022
1.00119
1.00212
1.00151
0.999527
0.999019
0.997831
0.9993
1.00436
0.998664
0.999929
0.999251
1.00336
1.0002
0.994781
1.0001
1.00072
1.00097
1.00174
0.99814
1.00325
0.999942
0.997417
1.00126
1.00197
0.998073
1.00675
0.99675
1.00086
0.993497
1.00199
0.999918
1.00082
0.999217
1.00043
1.00161
1.00351
1.00219
0.997193
1.0027
1.00029
1.00075
0.9956
1.00561
0.995226
0.995015
1.00142
0.998709
1.00044
1.00418
0.998728
0.999274
1.00124
1.00272
0.999197
1.0018
0.996801
1.00298
0.997688
0.998443
0.999531
0.999419
0.998723
1.00357
1.00004
1.00149
1.00253
1.00169
0.999317
1.00085
1.00433
1.00061
0.998826
1.00008
0.997587
1.00011
1.00357
1.00066
1.00049
1.00102
1.00306
1.00068
0.999066
1.00137
1.00193
0.996754
1.00335
1.00247
0.999434
0.99877
1.00777
0.998872
0.995342
1.00622
1.00007
1.0005
1.00362
0.996447
1.0024
0.999154
1.00281
1.00013
0.999306
0.997553
1.00007
1.00377
1.00181
0.999459
1.00276
0.994727
1.00628
1.00297
1.00083
1.00272
0.999911
1.00098
0.999279
1.00547
1.00212
0.999585
0.998589
0.998608
1.00233
0.998586
1.00322
0.994122
0.997955
1.00062
1.00042
0.99683
0.999206
0.998804
0.999791
0.999203
1.00279
0.999081
0.999756
1.00416
1.00478
1.00422
0.998943
0.99593
1.00009
1.0013
1.00013
0.999359
1.00204
1.00058
1.00179
0.995427
1.00129
1.00172
0.999145
1.00107
1.00105
0.997878
0.999725
0.999691
0.999007
0.99887
1.00298
0.99882
1.00241
1.00043
1.00244
0.996438
1.00175
1.00152
1.00004
0.998913
0.995973
1.00309
1.00156
0.996636
0.997697
1.00051
0.999676
0.99919
0.995586
0.999022
1.00169
1.00063
1.00206
1.00044
0.996894
1.00627
0.999916
0.999021
0.997763
1.00202
1.00118
0.994133
1.00174
0.996402
0.999948
0.99597
1.00211
0.999954
1.00196
1.00047
1.00117
1.00045
1.00004
1.00019
0.999497
0.99586
1.00116
1.00284
0.995018
0.997696
0.994195
1.00169
1.00109
0.999189
1.00021
1.00091
0.998472
0.995224
0.999754
1.00051
0.99964
0.999438
1.00155
1.00457
1.00481
1.00079
0.99938
1.00179
1.00264
1.00201
1.00003
1.00101
0.999663
1.00133
1.00103
1.00064
0.997408
0.998797
1.00385
1.00277
1.00065
1.00331
0.995626
1.00097
0.998312
1.0037
0.997315
0.999666
0.997847
0.995384
1.00251
0.996922
0.99551
0.996291
1.00072
1.00371
1.00088
1.00235
1.00238
1.00183
0.997567
0.998199
0.999527
1.0018
1.00156
1.00128
0.997356
0.998566
1.00168
0.998877
1.00139
0.997586
1.00137
1.00199
0.996078
1.00343
0.998377
0.998059
0.997956
1.00322
0.998521
0.996444
0.999414
1.00156
1.00032
1.00233
0.994309
0.998925
0.999917
0.999187
0.999809
1.00277
1.00321
0.99819
0.998689
0.999508
1.00003
0.999532
0.998972
1.00178
1.00169
0.99972
1.00342
1.00419
1.00026
0.998549
0.994755
0.99894
0.999548
0.999984
1.00022
0.997713
1.00046
1.00104
0.999516
1.0048
0.998691
1.00043
0.997282
0.997919
1.00129
1.00417
1.00083
0.994696
0.99848
1.002
0.999449
1.00243
0.996177
1.0025
0.998066
1.00138
1.00051
1.0015
1.00109
0.998116
0.997946
0.999982
1.00442
1.00032
1.00444
0.997444
0.997448
0.996764
1.00077
0.997482
1.00415
1.00144
1.00091
0.998502
1.00187
0.999961
0.995983
0.99597
0.999131
0.998794
1.00317
1.00221
0.999802
1.0013
0.997643
0.994092
1.00481
0.998981
0.996921
0.99937
1.00061
0.995784
1.00355
1.00013
0.998421
1.00571
0.996883
1.0005
0.99903
0.998554
0.994932
0.995805
0.998004
1.00002
1.00432
1.00215
1.00204
0.999993
1.00125
0.998167
0.996425
0.997113
0.998793
0.998693
1.00017
1.00235
1.00092
1.00063
1.00386
0.998413
0.996015
1.00281
1.00178
0.999376
0.997775
1.00072
0.997898
0.997443
1.00052
1.00253
0.999287
1.00075
1.00252
0.997866
0.999909
0.997402
1.00392
0.999794
1.00387
1.00261
1.00128
0.999331
0.997008
1.00014
0.995876
0.999046
1.0009
0.998721
1.0045
0.999752
1.00524
0.998561
1.00456
1.00107
1.0031
1.00184
1.0012
1.00402
0.999052
0.999382
1.005
1.00091
1.00148
1.00257
0.998268
1.00114
0.996151
0.995809
1.00152
0.998423
1.00613
0.997222
0.998699
0.997581
0.99954
0.998047
1.00199
1.0007
1.00087
1.00159
1.00416
0.999434
0.998364
1.00214
1.00383
0.999495
0.999682
1.00248
1.00059
0.998757
0.993767
1.00202
0.997418
0.998138
0.99948
0.997631
0.997454
1.00302
1.00061
0.998517
0.997809
0.998279
1.00285
1.00565
1.0036
1.00159
0.998611
0.997383
1.00111
1.00091
0.997955
0.996852
1.00155
1.00059
1.00258
0.996885
1.00213
1.00211
1.00221
0.992348
1.00078
0.997611
1.00059
1.00146
0.995362
0.996595
0.999368
0.99638
0.996622
0.998271
0.998308
1.00318
1.00076
0.999351
0.995069
0.995596
1.00027
1.00093
0.999235
0.997975
1.00124
0.995761
0.998968
1.00204
0.998694
0.999745
1.00456
1.00399
0.996714
1.00169
0.998651
0.99772
1.00083
1.00237
0.99975
1.00158
1.00072
0.998427
1.00475
0.999983
1.00327
0.999331
1.00103
0.999662
0.997361
0.998417
0.999849
0.999912
1.00458
1.00202
1.00416
0.999513
0.997499
1.00059
1.00187
1.00102
1.00004
0.999365
1.00142
0.999576
1.00139
0.99906
0.99774
0.996675
0.996472
1.00453
0.99828
1.002
0.999304
1.00379
1.0036
1.00088
0.996359
0.998403
1.00122
1.00155
1.00252
0.999723
1.00152
0.994824
0.9978
1.00029
0.997974
1.00276
1.00357
1.00142
0.999899
1.00071
0.9977
0.99762
0.999619
1.00111
0.999224
0.999568
1.00645
0.995578
1.00385
0.997606
1.0015
1.00213
0.996559
0.998383
0.995896
1.00312
1.00521
0.999513
0.999659
0.99573
1.00051
0.998094
1.00328
1.0015
1.002
1.0063
0.999725
1.001
0.998912
1.00339
1.00014
0.998448
0.998295
0.997429
0.999689
1.0019
0.998775
1.00445
1.00145
1.00253
0.998715
0.999925
1.00655
0.999997
0.999627
1.00336
1.0036
1.00232
0.997427
1.002
1.00046
1.0015
1.0018
1.00139
1.00157
1.00272
1.00155
0.997417
0.999274
0.998107
0.999897
1.00059
1.00126
0.998036
0.998676
0.994192
0.998272
1.00213
0.997822
0.996743
1.00395
1.00391
1.00041
1.00077
1.00106
0.998815
0.999287
0.999773
0.997829
1.00217
0.999728
1.00099
1.00277
0.995932
1.00126
1.00153
1.00188
1.00129
0.999403
1.00044
1.00184
0.999543
0.999912
1.00186
1.00257
1.0059
0.998443
1.00138
0.996859
0.997967
0.9993
1.00105
0.996609
1.00194
0.999495
0.993533
1.00437
1.00514
0.999728
0.998038
1.00239
1.0031
1.0008
1.00165
1.0057
1.0016
1.0001
1.00448
0.997068
1.00141
0.998779
1.00112
0.99512
1.0002
0.995896
1.0026
0.999465
0.999743
1.00052
1.00553
0.999092
1.00102
1.00334
1.00125
1.00028
1.00271
1.00584
1.00109
0.99877
0.999484
1.00033
1.00258
0.99763
1.00527
1.00188
0.99978
0.998553
1.00053
0.999933
1.00379
1.00311
0.999612
0.998864
0.999962
0.994712
1.00195
0.997891
1.00142
1.00299
1.00123
0.999551
1.00041
1.00244
1.00193
1.00238
0.997597
1.00233
1.0026
1.00017
0.999248
1.00049
1.00099
0.994811
0.995345
1.00208
0.998019
0.999659
0.9996
0.994958
1.00055
0.999107
1.00288
0.999654
1.00111
0.998511
1.00088
0.999455
0.99349
0.998403
0.995691
0.999605
1.00301
0.998374
0.996987
1.00178
1.00596
1.00071
0.999209
1.00144
1.00018
1.00385
1.00118
1.00439
1.0014
1.00106
1.00743
1.00134
1.00225
1.00052
0.996594
1.00023
0.994977
0.999606
0.997128
1.00156
0.996388
0.99707
1.00092
0.999605
1.00253
0.99815
1.00352
1.00085
1.00015
1.0009
1.00143
0.999043
1.00438
1.00135
0.995935
0.997547
1.00372
0.99824
1.0013
0.997315
1.00136
0.998094
0.999548
1.00092
0.996702
0.99571
0.999211
0.99955
1.00349
0.996311
0.997402
0.997496
0.998261
0.999001
0.997976
1.00376
1.00051
1.00296
0.996945
1.00072
0.995029
0.997708
1.00027
1.00081
0.995164
0.999667
0.998774
1.00013
0.998433
0.998253
1.0003
0.994788
1.00349
1.00005
0.997598
1.00006
0.995446
0.998103
1.00323
0.998705
0.996377
1.00141
0.999706
0.997346
1.00001
0.99824
1.00244
0.999268
0.999518
0.995743
1.00221
0.997304
1.00084
0.996867
0.9964
0.999707
1.00045
1.00021
1.0005
0.996877
0.999541
0.999647
1.00159
1.0019
0.996593
1.00039
1.00216
1.00002
1.00086
1.00361
1.005
0.992224
0.997139
1.0015
0.999312
1.00053
0.996843
0.996304
1.00017
0.995266
1.00287
0.998741
0.999778
0.998708
1.00284
0.999023
1.00051
1.00138
0.999112
1.00348
1.00024
0.996786
0.999412
1.00298
1.00236
1.00069
0.997084
1.00002
0.999373
1.00219
0.997628
0.998479
0.998861
1.00155
0.996135
1.00201
1.00071
1.00667
1.00272
1.00197
1.00133
0.996835
1.00448
1.00279
1.00105
0.997068
1.00184
0.997313
0.998521
1.00272
0.998275
1.00124
0.995882
0.999189
1.00236
1.00053
1.00124
0.999369
1.00173
1.0047
0.999878
0.999282
1.00232
1.00113
0.999643
0.998591
0.995387
0.997616
0.996892
0.999463
1.00233
0.998591
1.00016
0.997975
0.999525
0.994708
0.999195
0.995763
1.00088
1.00052
0.998236
0.999181
1.00372
0.997519
1.00183
1.00344
1.00179
1.00359
0.999473
0.997892
1.0011
0.998611
1.0015
1.00225
1.00196
0.999844
0.995256
1.00207
0.99857
0.994542
0.999294
0.99813
1.00307
1.00305
1.00172
0.997339
1.00198
1.00209
1.00362
0.999603
0.99541
0.997884
1.00178
1.00238
1.00208
1.00036
1.00271
0.998083
0.994382
0.997954
1.00351
0.999892
1.00068
1.00075
1.00187
1.00103
0.999314
0.995315
0.996508
0.99881
1.00154
1.00215
0.998358
0.998017
0.999998
1.00032
0.998748
1.0026
1.00093
0.997023
1.00395
1.00106
1.00053
0.997431
0.997945
0.995955
0.998299
1.00132
0.997538
1.00191
0.999027
1.00559
0.999017
0.9979
0.999297
1.00273
1.00086
1.00072
0.999618
1.00133
1.00425
1.00095
1.00044
1.00255
1.00047
1.00311
1
1.00134
1.00175
1.00119
0.999573
0.998985
0.998554
0.99865
0.999369
0.9986
1.00266
0.996037
0.997141
1.00193
1.00309
1.00103
0.999091
1.00268
0.999352
1.00048
1.00135
0.998722
1.00145
0.998368
0.99589
0.998451
1.00255
0.994476
1.00209
0.999678
1.00025
1.00133
1.00069
1.00115
1.00301
1.00168
1.00085
0.997933
1.00373
1.00098
1.00055
1.00006
0.993351
1.00064
0.998502
1.00512
1.00158
1.00073
0.997961
1.00228
1.00225
0.997977
1.00686
1.00275
1.00285
0.997288
0.997998
0.999877
0.998227
0.997561
0.997817
0.99967
1.00108
0.999654
1.00162
0.999767
1.0008
0.999174
0.99885
0.995686
0.999045
1.00332
1.00129
0.997711
0.99977
1.0025
1.00146
1.00534
0.99651
1.00279
0.999588
1.00293
0.996991
0.99535
0.999183
0.998481
0.998603
1.00304
1.00179
1.00405
1.00208
0.998811
1.00187
0.999807
0.998898
0.9998
1.00198
0.998567
0.996249
1.00142
0.999549
0.998971
1.0018
1.00247
0.995697
0.997435
0.998742
1.00216
1.00354
1.00041
0.99831
1.00132
1.00063
0.995618
0.999524
0.99819
0.997649
1.00264
1.0004
0.99968
0.999526
1.00021
0.999193
0.997203
0.996625
1.00406
1.00293
1.00126
0.997691
0.996053
0.995239
0.995038
0.99805
0.999266
1.0022
0.997854
1.00064
1.00057
1.00175
1.00154
0.998883
1.00101
1.0016
1.00187
1.00018
0.997711
1.00015
0.999547
0.996621
1.005
1.00171
0.998769
0.999843
1.00025
1.0011
0.997678
0.999143
0.997771
0.996893
1.00087
1.00096
0.999484
1.00021
0.998102
0.999294
0.997371
0.999988
0.998703
1.00148
0.996229
0.99855
1.00199
0.999463
1.00072
1.002
1.00127
0.999829
0.997665
1.00029
0.999969
0.995832
0.99819
0.998062
1.00168
1.00253
0.999423
1.00455
1.001
1.003
1.00396
0.999827
0.99852
0.995853
1.00287
0.994176
1.0032
0.998566
1.00191
1.00192
0.99752
0.998692
0.998952
0.996451
0.997605
0.997646
1.00071
0.99555
0.999984
1.00016
1.00265
1.00123
1.00379
0.99896
0.997416
0.999853
1.00076
1.00701
1.00408
1.00422
0.999882
1.00134
1.00021
1.00219
0.99993
0.997068
1.00366
1.00146
1.00024
0.998831
0.991911
0.997188
0.998189
0.996451
0.999508
0.996647
0.994224
0.998997
0.998818
1.00137
0.998957
1.00065
0.994733
1.00105
1.00088
1.00032
1.00165
1.00457
0.999095
0.999596
1.00162
1.00061
1.00093
1.00201
1.00585
0.9979
0.998165
1.00082
0.997606
0.999339
1.0003
1.00668
1.00286
1.00135
1.00129
0.996803
0.999982
1.00216
1.00596
0.998847
1.00394
0.996182
1.0035
1.0009
1.00109
1.00126
1.00275
0.996627
1.00358
1.00188
1.00382
0.998227
0.99956
1.00211
1.00177
0.996949
0.999172
0.999464
1.00074
1.00008
1.00289
1.00046
0.999483
1.00394
0.998181
1.00467
1.00135
0.997222
0.999947
1.00111
1.00304
1.00034
0.997756
0.997699
1.00029
1.00758
0.996956
0.998735
1.00207
1.00046
0.997542
0.998776
1.00103
1.00038
0.995621
1.0022
1.00743
1.00072
0.999651
0.996789
0.998974
1.00296
0.998162
1.00498
1.00461
0.99969
0.999466
1.00097
1.00215
1.00096
1.00364
0.99904
1.00257
0.999502
0.998165
1.0003
1.00085
0.999334
1.00254
1.00201
0.999864
1.00168
1.00246
1.00137
0.999441
0.999213
1.00068
0.99968
0.99895
1.00096
1.00024
1.00002
0.99832
0.997866
1.00004
1.00046
0.995814
1.00304
1.00187
0.999304
1.00456
1.00135
0.994663
0.998969
0.996364
0.997316
0.995553
1.00269
0.996884
0.999239
0.998413
1.00076
0.997378
0.995666
0.998422
1.00346
1.00541
1.0028
1.00221
1.00299
0.997943
1.00388
0.998144
0.998026
0.998802
1.00182
1.00086
1.00233
1.00205
0.995882
0.998247
1.00053
0.997653
1.00197
0.997263
1.00118
0.999935
0.997771
1.00031
1.00093
1.00397
0.999842
0.999612
0.99769
0.998823
1.00289
1.00081
1.004
0.998997
1.00215
0.995929
0.998524
1.00307
0.995612
0.999759
0.999144
0.99745
0.997811
1.00124
1.00077
1.00046
0.994771
1.00048
1.00157
0.996631
1.00596
0.997324
1.00144
0.996473
0.997479
1.00139
0.999139
1.00473
1.00033
0.999354
1.00032
0.999635
0.999837
1.00302
1.00313
0.997547
1.00287
0.996902
1.00394
0.997717
0.999948
1.00097
0.996506
1.00342
1.00101
1.00673
1.00098
0.998562
1.0046
0.995461
1.00093
0.995858
0.997672
0.998274
1.00036
1.00261
1.00111
1.0004
1.00425
1.00083
0.99792
1.0006
1.00362
1.00051
0.997269
1.00204
1.0026
1.0004
0.997939
1.00122
0.999968
1.00006
1.00332
0.999763
1.00361
0.994802
0.995726
0.999443
1.00182
0.998085
0.99944
0.999292
0.997365
1.00168
0.999134
0.998716
1.00152
0.9981
1.00081
1.00253
1.00204
0.999886
1.00091
0.994913
1.00072
1.00268
1.00078
0.996671
1.00237
1.0014
1.00115
0.999992
0.996493
1.00209
1.00258
1.0012
0.997742
0.996591
0.997151
1.00323
0.998401
1.00647
1.00272
0.999154
0.999177
1.00152
1.00194
0.999119
0.999081
0.995935
1.00259
0.996526
1.00137
0.996914
1.00202
1.00424
1.00153
0.995807
0.999921
0.9988
0.999958
0.997003
1.00021
1.00219
1.00454
1.00012
0.996359
0.998131
0.998585
1.00068
1.0002
0.998709
1.00008
1.00387
0.99746
1.00519
1.00347
1.0016
1.00183
1.0008
1.00291
1.00185
0.997339
0.996879
0.999243
0.9995
0.998705
1.00103
0.999713
0.999521
1.00154
1.00092
0.9997
1.00204
0.996807
0.996928
1.00172
0.998103
0.996954
1.00401
1.00044
1.00032
1.00218
1.00078
1.00178
0.999282
1.0014
0.998535
1.00444
0.999022
1.00493
1.00106
0.999545
1.00069
1.00044
1.00001
1.00064
0.994221
1.00047
0.997576
0.999998
0.995778
0.997825
0.996749
0.996276
1.00288
0.996272
0.995416
1.0007
0.998685
0.998501
0.997186
0.998508
1.0015
0.999815
0.996692
0.996012
1.00023
0.999239
0.997499
0.998527
0.997331
0.999807
1.00281
0.999914
0.997155
1.00491
1.00497
1.00226
1.00274
1.00017
1.00041
1.00025
0.997515
0.999229
1.00004
0.99736
0.999151
1.0012
1.00139
0.998564
1.0017
0.99828
1.00076
0.996919
1.0025
0.998438
1.00001
1.00063
1.00009
0.998079
1.00047
1.00168
1.00289
1.0005
1.00118
1.00631
1.00306
0.997787
0.998504
0.997536
1.00177
0.996844
0.9998
1.00153
1.00065
1.00347
1.00013
1.00369
0.999266
1.00384
0.996101
0.999864
0.999441
1.00627
0.999264
0.998874
0.995069
0.999375
1.00025
1.00131
0.999262
1.00114
1.00009
0.999433
1.00074
0.996048
1.00016
1.00249
0.998826
1.00167
1.00243
0.997131
1.00426
0.999052
0.997257
1.00027
0.999701
0.998191
0.997465
0.997819
1.0014
0.999963
1.00453
1.00005
0.999406
1.00269
1.00151
0.997277
1.00253
0.996657
1.00101
1.00011
1.00001
1.00004
0.997101
1.00001
1.00397
0.998996
1.00083
0.998504
1.00174
0.99818
0.997695
1.00205
0.995529
0.998202
0.997079
1.00032
0.999832
0.999555
1.0021
0.99541
0.99887
0.992928
1.00107
0.995928
0.997106
1.00165
0.998379
0.999499
1.00404
1.00265
1.00006
0.999177
1.00135
0.997316
1.00056
0.997094
1.00134
0.998958
1.00009
0.999886
1.00307
0.997429
0.999573
0.995856
0.99901
0.996971
0.997057
1.00343
0.999584
0.995162
1.00296
0.999161
0.999368
1.00091
1.00022
1.00297
1.00131
1.00174
1.00327
1.0005
0.998474
1.00018
0.995186
1.00442
0.997834
0.999045
1.00178
1.00022
1.00007
1.0021
1.00119
1.00086
0.998881
0.999915
0.998865
0.998112
0.997106
0.998436
0.996605
0.997332
0.996977
1.00351
1.00535
0.99979
0.999105
1.00346
0.9995
1.00089
0.998048
0.996558
0.999641
0.998374
1.00077
1.00184
0.996033
0.998901
0.999911
1.00173
0.998607
0.999786
0.999794
0.99809
1.00083
0.997376
1.00216
0.999854
0.99855
1.005
0.992245
0.998857
1.00038
1.00146
0.998681
1.00364
1.00058
1.00103
0.998488
1.00189
1.0009
1.0027
1.00441
1
1.00187
1.00123
0.998998
1.00124
0.997855
1.00061
1.00247
1.00055
1.0009
0.999868
0.998812
0.996793
0.998679
1.00195
1.00138
1.00387
1.0006
0.999483
0.998369
1.00141
0.998609
0.999041
1.00162
1.00417
1.00124
0.996547
0.997984
0.997744
0.999852
1.00172
0.999451
0.999883
0.997329
0.996337
1.00046
0.999105
1.00087
0.997419
1.00122
1.00484
1.00014
0.998514
0.995094
1.00214
1.00168
0.999485
0.998296
1.0027
0.999352
0.997546
0.998851
1.00219
0.99494
0.995389
1.00268
1.00255
1.0017
1.00135
0.999979
1.00497
0.996389
0.999217
0.999744
0.999064
1.00144
0.998112
0.997243
1.00065
1.00156
1.00008
1.00287
1.00242
1.00242
0.998908
0.998562
1.00222
1.00194
1.00313
0.99757
1.00119
1.00171
1.00117
1.00094
0.998328
1.00256
1.00537
0.999871
0.995351
0.998346
1.00251
1.00122
1.00119
0.998851
1.00384
1.00146
0.999212
0.999399
0.999066
0.997329
1.0017
0.996489
1.00007
0.99897
1.00006
1.00149
1.00239
0.99976
1.003
0.998901
0.995706
0.998534
0.996033
0.995317
1.00012
0.997331
1.00812
0.997635
0.999892
1.00362
0.998822
0.997746
0.99855
0.999176
1.00045
0.996052
1.00062
1.00058
0.999381
0.999812
0.997716
0.999705
1.00258
0.999751
1.00068
1.00206
1.00175
1.00154
0.998659
0.995762
1.00253
1.00332
1.0008
1.00169
0.999703
0.99965
1.0023
1.00021
0.998939
1.00384
1.0015
1.00197
0.997843
0.99611
0.998656
1.00099
1.00338
1.00278
0.998737
0.998239
0.994266
0.998564
1.00017
0.999157
1.00033
1.00545
0.997751
1.00385
1.00292
0.998885
0.997165
1.00187
0.999463
0.999899
0.999654
1.00251
1.00018
1.00118
0.999021
0.995587
1.00423
1.00188
1.00035
1.00094
1.00117
1.00067
0.99747
0.997365
0.99771
1.00101
0.996292
0.999404
0.999155
0.997041
1.00222
1.00071
1.00227
1.00083
0.996724
1.0041
0.999805
1.00384
0.999019
1.00112
0.99892
1.00351
1.00279
1.00291
1.00067
0.999046
0.997574
1.00027
0.996733
0.999955
0.998864
1.00137
1.00229
1.00091
0.998852
0.994108
0.99495
1.00432
0.99884
0.997227
1.00184
0.998607
1.0027
0.999364
0.997617
0.99901
0.998205
0.999474
1.00258
1.00187
0.998602
0.996962
1.00178
0.997134
0.996822
1.00086
0.999109
1.00164
1.0057
0.994874
0.996766
1.0008
0.99798
0.994656
0.999653
1.00028
1.00054
1.00115
0.999119
0.999826
1.00063
1.00238
0.998723
1.00252
0.999126
0.996379
1.00338
1.00161
1.00168
1.00033
0.996173
1.00167
1.00139
0.997983
0.999089
0.997382
0.999913
1.0024
0.993218
1.0045
0.999036
1.00241
1.00315
1.00258
0.999547
0.997491
1.00491
1.00218
1.00271
0.99825
0.997849
1.00129
0.99805
1.00389
0.998821
0.999645
0.998815
1.00091
0.997289
1.00216
0.99804
0.99794
0.998435
0.998044
0.993265
1.00432
1.00217
1.00119
1.00191
0.997923
1.00301
0.994276
0.999953
1.00016
0.997668
0.997132
0.998456
0.998927
1.00431
0.998202
0.998303
0.995783
0.998262
0.998492
0.995126
0.995632
0.998333
1.00368
1.00379
0.997281
1.00717
0.999259
0.997011
1.00399
1.00423
0.996932
0.994345
0.997628
1.00066
1.0006
0.996354
1.00193
0.999904
0.99657
1.00218
0.997538
0.997309
1.00271
1.00511
0.995411
1.00087
1.00229
1.00481
0.999595
1.00259
1.00067
1.00228
1.00217
1.00262
1.0017
0.998513
0.999893
0.998211
0.999464
0.999521
0.996957
1.00109
1.00081
0.994993
1.00053
0.999626
0.994839
0.999247
1.00418
1.00082
1.00342
1.002
0.995931
1.00204
0.998214
1.00174
0.997643
0.997964
1.00213
1.00278
1.00291
1.00636
1.00159
0.999717
0.998135
0.99904
1.00139
0.99603
0.997203
0.998494
1.00189
1.00017
1.00217
1.00268
0.999668
1.00332
0.994457
0.999107
1.00037
1.00271
1.00608
0.999689
0.998058
1.00239
0.996118
0.99692
0.9999
1.00139
0.996888
1.00159
0.998231
1.00307
1.00086
1.00318
1.00049
1.00046
0.999453
0.999258
1.00318
0.997365
1.00657
1.00267
0.998043
0.998818
0.999918
1.0029
1.00138
1.00131
0.995526
0.999075
0.997306
1.00086
0.999113
1.00221
1.00482
1.00106
0.997143
0.99511
0.99968
0.994636
0.998891
0.999402
0.996697
1.0022
0.999684
0.999046
0.997396
1.00015
1.00004
0.994307
0.996991
0.998356
0.999488
0.999296
0.999531
1.00105
1.00382
1.00062
0.999403
1.00291
0.998954
1.00303
0.998407
1.00376
0.997293
1.00278
0.998254
0.998657
0.99976
1.00004
1.00088
1.00165
1.00173
0.993599
1.00454
1.00169
1.00271
1.00112
1.00226
0.999835
0.99645
1.00236
1.0008
0.999924
0.998101
1.0037
0.996768
1.001
1.00019
0.999344
1.00213
0.993806
1.00495
1.00309
1.0031
1.00109
1.00302
1.00097
0.995374
0.999705
1.00251
0.998933
0.995412
1.00346
1.00344
1.00141
1.00174
0.998516
0.997631
0.996608
0.999965
0.998981
0.999032
0.996149
1.00023
1.00208
1.00326
0.994528
0.997473
1.00214
0.997886
1.00422
0.999232
0.999656
1.00052
1.00097
1.00242
0.999279
0.999254
1.0028
0.997395
1.00052
0.993884
1.00065
1.0006
1.00031
1.00608
1.00268
1.00153
0.997896
0.998153
1.00598
0.997771
1.00039
0.997079
1.00195
0.99881
1.00097
0.998107
0.999954
0.996227
0.999551
1.00041
1.00156
1.00212
1.00426
1.00181
0.996587
0.998643
1.00192
0.99722
0.997015
0.997823
1.00026
1.00142
1.00123
0.998467
1.00002
1.0002
0.997613
1.0035
0.998417
1.00444
1.00104
1.00021
1.00306
0.997611
0.999503
0.998774
1.00235
1.00134
1.00519
0.996528
0.997265
1.00024
0.998398
1.00139
0.999386
1.00217
0.998706
1.00287
0.997375
1.00213
1.00491
1.00154
0.999315
1.0021
1.00241
1.00081
0.995172
0.993592
1.00008
0.99972
1.00183
1.00027
1.00199
0.997898
1.00216
0.995695
0.997069
0.996994
1.00193
1.00083
0.997205
1.00054
1.00101
0.994375
0.998137
0.998848
0.99759
1.00337
1.00179
0.996321
0.998854
0.999589
1.00067
1.00026
1.0006
0.998097
1.00312
0.999644
0.997472
1.00147
1.0053
0.998633
0.999925
0.999455
0.997861
1.00379
1.00107
1.00439
0.994481
1.00075
0.995519
1.00264
1.00248
1.00057
0.99547
1.00176
1.00077
0.996981
1.00054
0.999788
0.998267
0.997423
1.00051
0.999391
0.995493
0.999314
0.993539
0.999123
0.995885
0.997005
1.00034
0.999688
0.99896
1.0042
0.998796
1.0013
1.00047
1.00168
1.00117
1.00652
1.0027
1.0044
0.998587
0.999155
0.995709
1.00386
1.00235
1.00302
0.996388
1.00304
1.00242
0.999476
1.00415
1.00204
0.996292
0.998005
1.00077
0.999264
1.00174
1.00297
1.00083
1.00236
1.00046
1.00193
1.00249
1.00037
1.00192
0.999005
0.998928
0.998192
1.00141
1.00104
0.998779
1.00025
1.0021
1.00059
0.998927
1.00251
0.998244
1.00405
0.999812
1.0008
1.00255
0.999226
0.995575
1.00068
1.00232
0.998025
0.996982
1.00306
1.00062
1.00308
0.998926
1.00242
1.00189
0.994094
1.00108
0.997861
0.997699
0.996412
0.996253
1.00589
1.00004
1.00297
1.00314
0.99754
0.999067
0.999722
0.999678
0.994987
1.00099
1.00013
0.998758
1.00184
0.999092
1.00478
1.00245
1.00213
0.998095
0.999051
0.99931
1.00188
1.00247
0.997446
0.999471
0.99593
0.998232
0.996885
0.99403
1.00012
0.997887
0.995796
0.999516
0.998107
1.00627
1.00287
0.999618
0.999856
1.0017
1.00043
0.997212
1.00124
1.00442
1.00023
0.999946
0.995566
1.00382
1.00099
0.995904
1.0012
0.997548
0.999441
1.00399
0.998217
1.00251
1.00145
1.00034
0.996841
0.997816
1.00181
0.999972
1.00337
1.00413
0.997565
1.00158
1.00678
0.999015
0.998047
1.00013
0.997784
1.00205
1.0039
0.998293
1.00317
0.997499
0.997957
1.00008
0.996695
0.998698
0.998615
0.996089
0.999266
1.00402
0.997863
0.998445
0.999655
1.00173
0.991747
0.997855
0.99988
1.00292
0.997609
0.996509
0.998331
1.00333
0.999256
1.00037
1.00132
0.999495
0.997532
0.99788
0.998318
1.00534
1.00057
0.998896
0.998719
1.00041
1.00061
0.999442
1.00007
1.00177
1.00119
1.00275
1.0014
0.995682
0.99904
1.00217
1.00271
0.999719
0.99997
0.998772
0.999153
0.998419
0.997158
1.00066
1.00063
1.00219
0.995112
1.00441
0.999045
0.995982
1.00209
0.999245
1.00321
1.00402
0.998408
1.00034
1.00429
1.00331
0.999996
0.997537
1.00116
0.996901
0.99828
1.00011
1.00684
1.00133
0.997063
0.999033
0.998851
1.00359
0.999083
0.999351
1.00001
1.00273
1.00072
1.00209
0.995667
1.00083
0.999264
0.997757
0.996839
0.996386
0.998566
0.999118
1.00217
1.00084
1.00177
0.999781
0.996974
0.997839
0.999099
1.00284
0.996643
0.998148
0.998369
1.00142
1.00115
0.998759
0.999772
1.00193
1.00425
0.999093
0.994098
0.994977
1.0021
0.993633
0.996258
1.00166
1.00105
1.00273
1.00263
0.999874
1.00032
1.00084
1.00288
0.999295
0.999503
0.998863
1.00056
0.995406
1.0004
1.00082
1.00084
1.00285
0.994252
0.998024
0.99978
1.0012
1.00008
0.999396
0.997488
0.997821
0.997021
1.00048
1.00223
1.00293
1.00103
1.00061
1.00265
1.00073
0.99989
1.00359
0.999148
0.998425
1.0016
1.00137
1.00403
0.994103
0.999128
1.00121
0.995245
0.999948
1.00562
0.997838
0.996884
1.00298
1.0008
0.998065
1.00067
1.00047
0.999318
0.999568
0.999093
1.00425
1.00401
0.997397
0.998597
1.00182
0.996645
1.00322
1.00445
0.996894
0.997672
1.00454
1.00071
1.00299
0.997012
1.0032
1.00206
0.998881
0.998075
0.997376
0.997359
1.00151
0.999798
1.00228
0.996527
0.997971
0.998632
0.996002
1.00042
1.00193
0.997349
1.0009
0.998126
1.00333
1.0023
1.00041
0.99989
1.00008
1.00368
1.00475
1.0074
1.00033
1.00039
0.998037
0.999793
0.99953
0.997478
0.997209
0.99905
0.997177
0.998888
0.999277
1.00034
1.00249
0.998343
0.996415
1.00204
1.00034
1.00181
0.997623
1.0012
1.00117
1.00121
1.00223
0.997759
0.99971
1.00057
1.00064
1.0024
1.0024
0.996402
0.997711
0.998669
0.998661
0.996196
1.00207
1.00199
1.00195
0.996881
0.997619
0.996619
0.996577
1.00152
0.998319
1.0039
1.00122
0.995861
1.00166
1.00371
0.99787
0.9957
1.00097
1.00279
0.995106
1.00074
0.998942
1.00188
1.00119
0.999669
1.00273
1.00029
1.00167
0.999924
1.0026
0.997315
0.998509
0.998093
1.00111
0.994903
0.999639
0.998397
1.0013
1.00352
1.0001
1.00155
1.0033
1.00137
0.995179
1.00424
0.997625
0.997515
0.998271
1.00371
1.00036
0.998879
1.00006
1.00168
0.996439
0.995808
1.00007
1.00002
0.996553
1.0004
1.00125
1.00178
0.997479
1.00068
0.998513
1.00435
1.00444
1.00273
0.999063
0.999762
0.998236
1.00646
1.00009
0.998489
1.00045
1.00447
0.998335
1.00117
0.997832
0.996859
0.994778
1.00465
0.996908
0.995142
1.00317
1.00057
1.00247
1.00342
1.00036
1.00024
1.00143
0.999666
0.999576
1.00007
0.999485
1.00171
1.00284
1.00007
1.00127
0.997588
1.00048
1.00192
0.99719
1.00436
1.00002
1.00525
0.998881
0.999657
0.998018
1.00129
0.999156
1.00002
1.00197
0.996905
1.00077
1.00249
1.00051
0.995382
0.99821
0.999574
0.996661
0.99802
1.00211
1.00198
1.00093
0.99267
1.00115
0.998582
1.00044
1.00105
1.00235
0.996924
0.998688
0.994589
0.998729
0.998219
1.00097
0.998093
0.998216
0.994197
0.998283
1.00147
0.997736
1.0015
1.00013
1.00194
1.0003
1.00144
0.999916
1.00285
1.001
1.00113
0.997565
1.00213
0.995428
1.00077
1.00097
1.00089
1.00103
1.00201
1.0026
0.993719
1.00129
0.998897
1.00113
0.997409
0.999704
0.999223
0.998538
0.998427
1.00209
0.998509
1.00136
1.00044
1.00064
0.997593
0.999555
0.998259
1.00132
1.00286
0.999423
0.998854
1.0002
1.0034
1.00429
1.0023
0.998703
1.00313
0.99615
0.991422
1.00022
1.00008
1.00118
1.00158
1.00162
1.00404
1.00465
1.00235
0.998339
0.998412
1.00085
1.00038
0.996124
1.00116
1.00287
1.00281
1.0001
1.00144
1.00004
0.997301
1.00119
0.999417
0.996525
1.00411
0.998075
0.99906
0.997993
0.998206
1.00599
1.00171
1.00163
0.997406
1.00013
1.00274
1.00219
0.998236
0.999494
0.997109
1.0026
0.998571
1.00162
1.00461
0.999139
0.996437
1.00121
0.99901
0.991801
1.00178
0.995992
0.999356
0.998106
1.00085
1.00296
0.997258
0.999455
0.998826
1.00097
0.99873
1.00233
1.00468
1.00074
0.999878
1.00414
0.999641
0.998471
0.997711
0.998584
1.00003
0.999104
0.998622
0.997649
1.00236
1.00683
0.998177
1.00227
0.994048
1.001
0.996963
1.00401
1.00046
0.99967
0.996619
1.00446
0.999003
0.999869
0.995658
0.999625
0.99538
1.00162
1.0014
0.99832
1.00212
0.998164
0.995717
0.997081
1.00094
0.997295
1.00026
0.996844
0.997858
0.993696
1.00226
0.998492
0.999935
1.001
0.997435
0.999646
1.00187
0.999039
1.00205
0.999596
0.996548
1.001
0.99661
1.00432
0.999864
1.00152
1.00055
1.0006
0.997468
0.999604
0.998211
1.00225
1.00166
0.999568
0.998844
1.00449
1.00222
1.00082
1.00144
1.00075
0.998928
1.00153
0.998755
1.00135
0.999454
0.998025
1.0003
1.00072
1.00691
0.996347
1.00111
1.0015
1.00205
1.00189
1.00395
0.998803
1.00203
0.996854
1.00645
0.997968
1.00809
0.997725
0.998142
1.0024
1.00131
1.00449
0.996588
0.999189
0.99743
0.998543
0.999039
0.999884
0.999141
1.00326
1.00424
1.00132
1.00248
0.997546
0.998637
1.00503
1.00148
0.999047
1.00068
0.998978
0.9982
1.00294
0.996376
1.00009
1.0002
0.997511
0.996924
1.00277
1.00106
1.00109
0.997581
0.996487
0.999058
1.00004
0.99654
1.00056
0.994993
1.00141
1.00364
1.00517
0.998792
0.999689
1.00141
1.00067
1.00205
0.999374
1.00028
0.996875
0.998989
1.00039
1.00059
0.996759
1.0017
0.99904
0.997571
1.00288
0.998665
1.00089
1.00245
1.00304
0.998708
1.00228
1.00086
0.994972
1.00201
0.99909
0.998742
0.998876
1.00299
1.00056
0.999923
1.00351
1.0005
1.00228
1.00049
1.00389
1.00187
0.999589
0.997884
0.999704
0.996112
1.00093
1.00315
1.00001
0.996103
0.998967
1.00025
0.998298
0.999028
1.00183
1.00321
1.00316
1.00001
1.00137
1.00225
1.00048
1.00172
1.00208
1.00151
1.00297
1.00443
0.999008
0.995544
1.00001
1.00046
0.99898
1.00118
1.00098
1.0013
0.998125
0.998371
1.00485
0.999394
0.997598
1.00605
1.00021
1.00155
0.996239
0.999431
0.9969
0.996896
1.00165
1.0006
0.995342
0.998822
1.00503
1.00175
1.00314
0.998658
1.00507
0.999459
0.998341
1.00087
1.00218
1.00164
1.00122
0.994509
1.00219
1.00705
1.0034
0.998362
1.00165
1.00018
1.0041
0.999857
1.00659
0.99909
0.999449
1.00205
0.994357
1.00014
0.997737
1.00165
0.998451
0.998779
0.999406
0.999146
1.0008
0.99951
1.00047
0.998432
1.00006
0.99802
0.999792
1.0033
1.00195
1.00077
1.00078
1.00333
0.994776
1.00035
1.00126
1.00102
1.00023
1.00171
0.998117
0.998612
0.994999
1.00009
0.998457
1.00205
0.994752
0.995534
1.00295
0.998829
0.999501
1.00058
0.994904
1.00137
0.99829
0.995497
0.99943
1.00125
0.999484
0.998174
0.999479
0.997873
1.00023
1.00095
0.998582
1.0012
1.00013
1.00206
0.999469
1.00119
0.998577
0.994067
0.999106
1.00312
1.00057
1.00147
1.00223
0.998319
1.00149
1.00105
1.00042
1.00323
0.997766
0.999739
0.997805
1.00376
1.00025
1.00494
0.99911
0.998812
0.998545
0.994009
0.99739
0.997461
1.00594
0.998342
1.00672
0.996549
0.995363
1.00632
0.996277
0.999718
0.997667
0.999373
1.00092
0.99919
1.00079
1.00052
0.998107
1.00118
0.999746
0.998342
1.00135
1.00103
1.00049
0.999821
0.997607
1.00005
1.00384
0.998458
0.999802
0.997788
0.995254
0.999204
1.00245
1.00296
1.00423
0.997542
1.00168
1.00028
1.00285
1.00043
0.999065
0.999285
1.00446
1.00124
1.00051
1.00259
1.0027
0.998289
0.998151
1.00314
1.0012
0.996724
0.998277
1.00184
1.00198
1.00035
1.00048
0.996215
0.999861
0.996442
1.00038
1.0036
1.00471
1.00015
1.00778
0.996552
0.999967
0.997052
1.0012
0.999979
1.00153
0.998901
1.00253
0.996543
0.99865
0.997237
1.00012
1.00021
0.999584
0.998283
0.996747
1.00251
0.998321
0.995737
1.00071
1.00103
0.994453
1.0014
1.00141
0.997598
1.00277
0.999906
1.002
1.00009
1.00169
1.00456
0.999261
0.995542
0.999171
0.997329
1.00082
0.999527
0.998541
0.999951
0.997079
0.999787
1.00281
0.997997
0.996603
1.0033
0.997964
1.00109
1.00069
1.00401
0.994957
0.998301
0.999046
1.00056
0.997565
1.00145
0.998664
1.00464
1.00265
1.00391
1.00197
0.998767
1.00219
1.00169
0.996535
1.00114
0.997162
0.997704
0.997472
0.999521
0.997875
1.00076
0.99965
0.996965
1.00223
1.00125
0.999609
1.00031
1.0025
0.998204
1.00111
0.999491
0.999871
1.00192
0.995991
1.0006
0.999638
1.00119
0.996672
0.999179
0.997737
0.99994
0.998423
1.00098
1.00277
1.00295
1.00037
0.998088
1.00302
1.00093
1.00046
0.999525
1.00161
1.00096
1.00029
1.00262
1.00102
1.00001
0.998488
1.00006
0.997489
0.998484
0.99462
1.00535
0.999067
0.996853
0.999065
1.00194
1.00268
0.998821
0.997437
1.00129
0.999301
0.998511
0.99651
0.998841
0.997278
0.998988
1.00468
1.00038
1.00439
0.999171
0.996443
0.999673
0.995467
0.998811
0.999422
1.00217
0.993736
1.00355
0.999141
1.00453
1.00128
0.999789
0.999444
1.00144
0.998004
1.0004
1.00636
0.99922
1.00048
1.00169
1.00038
1.00119
1.00151
0.998215
1.00055
0.994525
1.00329
1.00246
0.999468
1.00134
0.998099
1.00386
0.993637
1.00139
1.00288
0.997342
0.999041
1.00021
1.00132
0.999121
1.00002
1.00337
1.00183
0.999606
0.999837
1.00219
1.0079
1.00118
1.00066
1.00427
1.00143
0.998017
1.0022
1.00367
1.00358
0.996474
1.00157
1.00148
1.0041
0.997887
0.99962
1.00013
1.00016
0.999499
0.997982
1.00026
1.00408
0.995596
1.00203
0.998415
1.00215
1.00019
0.994303
0.996714
1.00168
0.996771
0.995066
0.997219
1.00146
1.00235
0.994358
0.999035
1.00214
0.997338
0.997099
1.0031
1.00168
1.00079
0.996526
1.00084
1.00274
1.00093
0.999141
1.00015
1.00509
1.00258
0.998326
1.0013
0.994847
0.997161
1.00239
1.00093
1.00198
0.999955
1.00159
0.999635
0.996628
0.999282
0.999267
1.00429
0.999405
0.997507
0.99557
0.999572
1.00332
1.00322
0.998144
1.00008
1.00285
1.00478
0.998544
1.00088
1.0046
0.998185
0.998128
0.995709
0.997558
1.00324
1.00015
0.998481
0.997437
0.997301
1.00177
1.00347
1
0.999346
1.00322
1.00272
0.997822
1.00407
1.00117
1.00192
1.00137
1.00274
1.00058
1.00081
1.00372
0.999194
1.0009
1.00312
0.998809
0.998407
1.00176
0.999905
0.999584
0.996579
1.0014
0.998647
1.00302
1.00156
0.998063
1.00024
1.00464
0.997513
1.00196
0.995319
1.00019
1.00312
1.00155
1.00377
1.00136
0.999334
1.00219
0.999309
0.996279
1.00171
1.00066
0.998326
1.00197
1.00245
1.0038
1.00358
0.998047
1.00139
0.995376
0.996467
1.00128
1.00037
1.00019
1.00084
0.998633
0.996141
1.00177
0.99709
0.999223
1.00314
1.00379
0.998653
1.00071
1.00132
0.999782
0.999732
1.0022
1.00414
0.996719
1.00019
0.994361
0.998158
1.00081
0.998864
0.995205
0.999329
1.00066
1.00231
1.00219
0.994387
0.998711
0.994771
0.998885
1.00045
0.99538
1.00208
0.993887
0.996302
0.997935
1.0035
0.995393
1.00038
0.997571
0.99945
1.00099
0.999676
0.99749
1.00082
1.00351
0.999535
1.00022
0.998702
1.00164
1.00537
1
0.997383
1.00443
1.00167
0.999417
0.99772
1.00157
1.0014
1.00026
0.999947
0.998645
0.99585
0.999442
0.998957
1.00068
0.996395
1.00133
0.997677
1.00228
0.995159
0.99781
1.00108
1.00169
1.00201
1.005
1.00039
1.00357
1.00067
1.00065
1.00011
1.00369
0.998137
1.00275
0.999956
1.00028
1.0028
0.998612
0.999801
0.994297
0.99876
0.999726
1.00193
1.00009
0.996969
0.996017
1.00021
1.00319
0.998508
1.00099
1.00382
1.00159
0.996534
0.998361
0.998924
1.0014
0.997442
1.00042
1.00118
1.00155
1.00549
1.0013
0.999885
1.00616
0.995885
1.00234
1.00088
1.00121
1.00379
1.00152
0.999349
1.00071
0.998407
0.995975
1.00065
0.997105
1.00058
0.998343
0.998164
0.998322
1.0024
1.00147
1.00129
1.00135
0.997204
1.00218
0.998656
0.999338
0.999328
0.998103
0.996039
0.999551
0.998286
0.997268
1.00256
1.00373
1.00359
0.999383
0.998056
1.00016
0.998353
1.00229
1.00143
1.00021
0.994756
1.00414
1.00566
0.997744
1.00552
0.999909
0.998584
0.996199
0.997169
1.00178
0.997414
0.996969
1.00185
0.999145
0.998717
1.00163
1.00069
1.00055
1.00085
1.00289
0.998825
0.997441
1.00266
0.997491
0.995486
0.996941
0.999132
0.997736
0.997974
1.00471
1.00119
1.00517
1.00199
1.00101
0.99844
0.997863
1.0003
1.00145
1.00018
0.999542
0.997028
0.999387
1.0023
0.996608
1.00078
0.998125
1.00174
0.999225
0.996294
0.996944
0.995744
1.00525
1.00276
1.00094
1.00019
1.00274
1.00413
1.0005
1.00362
1.00196
0.99568
1.00283
1.00005
0.995038
1.00305
1.00617
1.00196
1.00156
0.995878
0.997746
0.994788
0.999941
0.999861
1.00114
1.00015
1.00019
1.00314
0.999317
1.00213
1.00006
1.00611
1.00211
1.00562
0.996736
0.999697
0.998925
1.00282
1.00243
1.00007
1.0019
0.996716
1.00189
1.00036
0.999577
1.00152
1.00173
1.00199
0.997508
0.999432
1.00323
1.00255
1.00225
1.00004
0.998477
1.00361
0.999941
1.00226
0.997177
0.997409
0.998486
0.995221
0.999981
1.00197
0.999292
1.00123
0.997685
0.99681
1.00432
0.999221
1.00161
1.00216
0.998276
1.00046
1.00437
0.99828
1.00374
0.99829
1.00076
0.99874
1.00403
0.999978
0.996417
1.00045
0.999114
1.00242
0.998227
1.00425
1.00541
1.00343
0.999761
0.999012
0.999853
1.00288
0.993377
0.994577
1.00262
0.998542
0.998898
1.00539
1.00096
1.00283
1.00103
1.00208
0.997207
1.0007
0.99932
1.0028
0.999933
0.997982
1.00254
1.00075
0.995363
1.00322
1.00156
1.00212
1.00051
1.00166
1.002
0.997993
1.00044
0.999447
0.998908
1.00028
1.00266
1.00421
0.99844
0.995313
1.00195
1.00218
1.00215
0.999083
0.998113
0.999639
1.0022
0.99965
1.00036
1.00172
1.00104
1.0001
0.999046
1.0012
0.998716
0.999101
0.997206
0.998563
0.997185
0.999756
1.00529
1.00022
0.999227
1.0031
1.00242
0.995866
1.00271
1.00014
0.997441
1.00745
1.00018
0.998744
0.99566
1.00082
1.00617
0.995823
1.0016
0.994681
1.00404
1.00234
1.00288
1.00412
0.998814
0.995932
1.00479
1.00503
0.999245
1.00077
1.00223
1.00711
0.992298
1.00201
1.00256
1.0049
1.00502
1.00069
0.99926
1.00112
0.998789
1.00105
1.00466
0.993847
0.995063
1.0006
0.996328
1.00063
1.00158
1.0032
1.00015
0.998897
1.00158
0.997993
1.00167
1.00277
0.997708
1.00062
0.997291
1.00021
0.999894
0.999943
0.999787
1.00003
0.998128
0.993328
1.00262
1.00317
1.00231
1.00159
0.999903
1.00233
1.00015
1.00725
1.0004
0.998075
0.998884
0.998953
1.00033
0.999903
0.997235
1.00031
0.998451
1.00193
1.00122
0.999165
0.996907
1.00017
0.998736
1.0017
0.995494
0.998658
1.00074
0.998987
0.999569
1.00047
0.994714
0.99893
1.00036
1.00182
1.00214
0.996018
1.00035
1.00029
1.0029
1.00108
1.00025
0.999836
0.998105
1.00299
1.00175
1.0037
0.999147
1.0011
1.00382
0.998498
0.994495
1.00335
1.00166
0.997831
0.997706
0.99752
0.998384
0.992516
1.00178
1.0041
1.00367
1.00102
0.999206
1.00197
0.996425
0.996646
1.00343
1.00241
1.00212
1.00041
1.00221
1.00022
0.999407
1.00045
1.0001
1.00097
1.00174
1
1.00257
1.0014
1.00176
0.996005
0.996953
1.00201
1.00553
1.00093
0.998973
1.00401
0.99968
1.00091
0.99951
1.00402
0.998176
1.00282
0.994919
0.993823
1.00433
1.00034
1.00186
1.00044
1.00303
1.0017
1.00014
0.996342
1.00442
1.00056
0.99851
1.00069
1.00249
1.00214
0.998718
0.998719
0.999194
0.997225
0.996572
0.998471
0.997707
0.99602
1.00103
0.99532
0.998585
0.998399
0.998501
1.00511
1.00074
0.999073
1.00611
0.997655
1.00256
1
1.0024
1.00023
1.00061
0.997687
1.00056
0.998558
1.00052
1.00001
1.00472
1.0012
1.00126
1.00246
1.00281
1.00091
1.0022
0.999956
1.00135
1.00297
0.998962
1.00101
0.997899
1.00408
1.00235
0.996062
0.999133
0.999595
1.00385
1.00008
0.999398
1.00164
0.995196
0.997655
0.996259
1.00054
0.999684
1.00004
0.996641
1.00255
1.00361
1.00174
0.994525
0.998181
0.999874
1.00118
0.998733
0.999944
0.999729
1.00317
1.00054
0.99724
0.999977
1.00176
0.999864
1.00281
1.00396
1.00272
0.999666
1.00046
0.998436
0.994378
0.99705
1.00322
1.0025
0.997349
0.999745
1.00354
0.998591
1.00309
0.999371
0.996571
0.998977
0.997051
0.996503
1.00007
1.00389
1.00102
0.997136
0.996485
1.00075
1.00075
0.996018
1.00078
1.00221
1.00231
1.00077
1.00193
0.999948
0.998019
1.00189
0.997438
0.999671
1.00355
0.999898
1.00508
0.9968
0.996218
1.00248
0.999887
1.00066
0.99674
1.00518
1.00337
0.999118
0.998587
0.998494
0.994605
1.00047
1.00175
0.999133
0.998997
1.00166
1.00027
1.00448
0.999192
1.00162
1.00036
0.998239
1.00139
1.00301
1.00002
1.00006
1.00476
1.00203
0.99547
0.994311
1.00361
0.998345
1.00185
0.998336
0.99934
0.995624
0.996975
0.99934
0.998535
1.00393
1.00087
1.00133
1.00171
0.999932
1.00225
0.997941
1.00156
0.99939
0.99918
0.995608
1.00086
1.00125
1.00039
1.00067
1.00126
0.999584
0.995436
1.00056
0.998848
1.00156
0.998739
0.997758
1.00134
1.00263
1.00344
1.00039
1.00059
1.0004
0.999845
0.997507
1.00272
0.999605
1.00072
0.999434
1.00277
1.00277
0.998344
0.998574
1.00328
0.996586
0.995412
1.00068
0.999492
0.99731
1.00285
1.00424
0.998812
1.00302
0.997505
1.00242
1.00625
0.998178
0.998027
1.0033
0.999259
1.00303
0.998878
0.99615
0.999601
0.996351
0.99773
0.99851
0.998469
1.001
0.995648
0.998649
0.99965
0.998393
0.995953
0.99543
1.00099
0.998591
1.00456
0.999407
1.00355
0.998428
1.005
0.99881
0.998177
1.0003
0.995896
1.00013
0.9987
0.997496
0.999452
0.993979
1.0006
0.998254
1.00072
0.997196
0.997452
1.00128
1.00117
1.00137
0.999169
1.00467
0.999686
0.99467
0.99507
1.00127
0.99832
1.00054
0.999405
1.00104
0.99932
0.999192
1.00003
0.999908
0.996831
0.998222
1.00287
0.999582
0.99891
0.997129
1.00094
0.991242
0.995204
0.999871
0.998882
1.00071
0.997625
1.00003
1.004
0.999217
0.998627
1.00354
1.00583
0.997969
1.00343
1.00054
0.998567
0.998879
1.00358
0.997348
1.00204
0.99926
1.00232
0.996057
0.998596
0.99595
1.00069
0.999533
0.997786
0.998185
0.996688
1.0001
0.997466
1.00176
0.998034
0.999295
1.00027
0.998806
1.00006
0.999273
0.999328
1.00546
0.998184
0.998611
0.995889
0.999485
0.999527
0.99882
1.00326
0.999634
1.00423
0.995645
1.00522
1.00097
1.00265
1.00112
1.00165
1.00081
0.998202
0.9962
1.00005
1.00105
0.999882
0.997592
1.00333
0.99989
1.00291
0.996764
0.999681
0.998793
1.00172
0.994396
1.00074
0.997299
1.00378
0.999316
0.997625
0.999733
0.999489
0.999443
0.99539
0.998035
0.99986
0.998471
0.999879
0.99952
0.999475
0.996509
0.998289
1.00032
1.00017
1.00116
0.999983
1.0032
0.99937
1.00037
1.00031
0.999259
1.00188
0.999634
0.998317
1.00149
0.997711
0.999366
0.998122
0.999767
1.00003
1.00019
1.00078
1.00475
0.998502
0.998197
0.999283
1.00018
0.999804
0.995349
1.00185
0.999509
0.998455
0.99395
0.998823
0.999271
1.00168
0.999055
1.00401
1.00169
1.00277
1.00059
1.00111
1.00038
0.998392
0.99799
0.998734
1.005
0.999158
1.0021
1.00028
1.0061
0.998676
0.994145
1.00456
0.997786
1.00162
0.999846
0.998094
1.00142
0.996475
1.00306
1.00053
0.999903
1.00149
1.00081
0.999293
1.00548
1.00156
0.995363
0.998497
1.00234
0.999704
0.997858
0.99566
1.00432
0.99571
1.00102
0.998104
0.999588
0.997454
0.999326
1.00015
1.00191
0.999762
1.0019
0.998824
0.998035
0.996966
1.00162
1.00311
0.99524
1.00297
1.0001
0.998637
1.00033
1.00267
1.00785
1.00386
0.999079
1.00043
0.998861
1.00039
1.00238
0.999335
0.999773
0.998854
0.99747
1.00386
0.998834
0.998032
1.00166
1.00017
1.00201
0.997592
1.00098
0.996818
1.00155
0.99563
1.00334
0.998042
0.998485
1.00153
1.00027
1.00348
1.00121
1.0026
1.0047
1.00155
1.00168
0.997881
0.99861
1.00104
1.00233
0.994417
0.998738
1.00152
1.00398
1.00572
0.998663
1.00517
0.999488
1.00018
0.998668
1.003
1.00169
0.996765
1.00142
1.00268
0.998439
1.00104
0.997052
0.997912
1.00099
0.999218
0.997116
0.999567
0.997968
1.00156
1.00025
0.999164
0.999899
1.00132
1.00425
1.00253
0.999619
0.996479
0.9978
0.993937
1.00064
0.994943
0.998559
1.00383
1.00056
1.00391
0.996102
1.00283
1.00028
1.00013
0.999986
0.998454
1.00176
1.00369
0.999144
0.997182
0.998105
0.999763
1.00146
0.999908
1.00096
0.999382
1.00006
1.00155
0.995298
1.00338
1.00261
0.998591
1.00049
0.996709
0.997851
0.99906
1.00188
0.998484
0.997739
1.00308
1.00641
0.99948
0.996099
0.997926
0.998759
0.998717
1.00375
1.00194
1.00228
0.998422
0.998425
0.998397
0.995967
1.00068
1.00031
1.00473
0.995091
0.999683
0.998421
0.998333
1.00225
0.997614
0.996446
0.998156
1.00063
0.99722
0.997676
0.998329
0.999335
0.998591
1.0023
0.999538
0.996826
1.00272
0.995281
0.998166
0.997152
0.995238
1.00127
0.99937
1.00363
1.00063
1.00155
1.00153
1.00179
1.00144
1.00191
0.999708
1.00029
1.00462
0.99808
0.998255
1.00359
1.00108
0.998139
1.00388
1.00118
0.999207
1.00053
1.00085
0.999846
1.00339
0.999127
1.00294
0.997906
1.00033
1.0042
1.00048
1.00032
0.996803
1.00088
1.00139
1.00131
1.0008
0.997846
0.998956
0.998616
1.00279
0.996409
0.998644
1.00041
0.999148
0.997688
0.999612
0.998736
0.99796
0.995879
0.998998
1.00029
1.00319
0.99739
0.999799
1.002
1.0015
0.998492
0.998098
1.00169
1.00252
1.00011
0.999454
1.00414
0.998413
1.0015
0.995592
0.997097
1.00108
1.00193
0.996677
0.999018
1.00274
1.00238
1.00218
1.00183
0.998134
1.00158
0.993658
0.999627
1.00245
0.997861
0.999178
1.00047
0.998236
1.00467
1.00246
0.997402
1.00105
0.998018
1.00596
1.00099
1.00024
1.00035
0.999251
0.998201
1.00238
1.00437
0.995378
1.00247
0.995471
1.00282
0.9995
1.00099
1.00134
1.00154
0.999891
1.00327
1.0013
0.998102
1.00016
1.0036
1.00485
1.00025
0.994296
1.00244
0.998609
0.992114
0.998766
1.00344
0.999365
0.997857
1.003
1.00145
1.00357
1.00798
0.999683
1.0013
0.997925
0.998851
0.996577
0.998698
1.00014
1.00325
0.996793
1.00056
1.00096
0.998623
1.00007
1.00146
1.0017
0.997851
0.997469
1.00523
1.00058
0.997238
1.00313
0.997294
0.999276
0.99792
0.999455
1.0019
0.998659
1.00038
0.999533
1.00225
1.00154
1.00211
0.99615
0.996418
1.00097
0.999424
0.998566
1.00015
0.999706
1.0062
1.00153
1.00053
1.00217
1.00424
1.00377
1.00403
0.999528
0.997789
1.0004
0.999618
0.996285
0.998862
0.99942
1.00031
1.00069
0.997119
1.0001
1.00027
0.997199
1.00037
0.999696
1.0032
1.00136
0.997632
1.00025
0.997852
0.99735
0.996609
0.997133
0.998837
1.00314
0.999999
1.00073
1.00125
0.999453
1.00092
1.00328
1.00002
0.999066
1.00231
0.999777
0.999703
1.00038
1.00121
1.00236
1.00224
0.997089
0.998249
0.99889
1.00084
1.0001
1.00008
1.00521
0.999268
1.00126
1.0004
0.998637
1.00021
0.996518
1.0013
1.00014
1.0003
1.00069
0.995811
1.00346
0.999757
1.00191
0.999059
1.00102
1.00105
1.00514
0.998198
1.00266
0.99883
0.999232
0.999791
1.00131
0.998269
1.00135
1.00309
1.00144
0.996406
1.00255
0.999999
0.999291
0.996564
0.999713
1.00112
0.997486
1
1.00129
0.998404
0.998474
0.997906
0.999207
0.999073
0.998382
0.999011
0.999862
0.997327
1.00035
0.999961
0.999309
1.0027
0.998138
0.99715
1.00009
1.00147
0.992465
0.998278
1.00348
1.00083
1.00057
0.99939
1.00158
0.999507
0.999998
0.998227
0.997031
0.997448
0.999915
0.999244
1.007
0.996735
0.998823
0.996444
1.001
1.00014
1.00444
0.998534
1.0015
1.00199
1.00048
0.997334
1.00423
0.998677
1.00346
0.999252
0.998793
0.996101
1.00321
1.00106
0.995175
0.998032
0.997633
1.0008
0.997068
1.00134
0.995737
1.00053
0.999696
0.995949
1.00033
0.999868
0.998974
1.00296
0.995134
1.00317
1.00119
0.993428
1.00262
1.0039
1.00057
1.00252
0.998398
0.999033
1.00016
1.00193
0.99817
0.999978
1.00238
0.999862
1.00143
0.996455
1.00178
0.99931
0.996596
0.999826
0.99699
1.00273
0.996222
1.00199
1.00301
1.00007
0.998342
1.00091
0.998997
0.999878
0.998688
0.999765
0.999896
0.998345
1.00139
1.00018
1.00096
0.994696
0.998018
1.00003
1.00008
1.0025
1.00126
1.00678
1.00044
0.99341
0.99934
1.00127
0.994268
1.00307
1.00171
1.00293
1.00121
0.998471
0.99721
0.998954
0.99759
1.00114
1.00121
0.99956
1.00137
1.00306
0.997947
1.00279
1.0029
0.999412
1.00281
0.999732
1.00072
1.00089
0.998124
1.00032
1.00361
0.999741
0.998957
0.997376
0.998466
0.99987
0.998063
0.998976
1.00481
0.997494
1.00253
1.00095
0.997918
1.00114
0.994698
1.00519
0.999577
1.00318
1.00032
1.00388
0.999088
0.999306
0.999554
0.994705
1.00381
0.995576
1.00122
0.998215
1.00045
0.999578
1.00146
0.997954
0.996335
0.997349
0.997471
1.00002
0.999368
1.00032
1.00064
1.00005
0.999073
1.00142
1.00119
0.999987
1.00387
1.00054
0.997209
1.00022
1.00003
1.00026
0.999781
0.998398
1.00347
1.00239
1.0054
0.999113
0.998842
0.997826
1.00282
1.00158
1.00247
1.00013
1.00135
1.00305
1.00136
1.00251
1.00218
1.00075
0.993625
0.998434
1.00072
1.00111
0.998553
1.00107
1
1.00485
1.00264
1.0015
0.996907
1.00517
0.997456
1.0037
0.998136
0.997172
1.00094
0.999975
0.997569
1.0004
1.00051
1.00336
0.997626
1.00166
1.0028
0.999968
1.00109
0.99894
1.00078
1.00188
0.998312
0.998732
0.999366
0.996741
1.00108
0.99721
0.999164
0.998118
0.998676
0.998783
0.999048
0.999273
0.995447
1.00111
0.997606
1.00118
1.00085
1.00037
1.00066
1.00006
0.997096
0.997692
0.99863
1.00079
0.997962
1.00542
1.00492
1.00216
1.00673
0.999946
0.998707
0.998803
0.999983
1.0013
1.00054
1.00376
0.999745
0.996767
1.00377
1.00612
1.00453
0.997815
0.999198
1.00419
0.997746
1.00301
1.00107
1.00395
0.99616
0.999415
0.999919
0.999658
1.00338
0.997339
1.00008
0.99926
1.0022
0.996875
0.997635
0.997934
0.998236
0.997305
0.999059
0.996405
0.998932
0.999871
1.00009
0.998246
1.00338
1.00088
1.00401
0.999227
0.999059
0.996431
1.00171
0.998904
0.996462
1.00228
1.00342
0.999046
1.00077
1.00393
0.998522
1.00184
0.999779
1.00281
1.00043
1.00295
0.999013
1.00273
0.996511
1.0008
1.00033
0.999013
0.998106
1.00032
1.00314
1.00234
0.999375
0.999867
0.997487
0.997868
1.00239
0.996929
0.994462
0.999294
1.00131
0.99695
0.998052
1.00127
0.996085
1.00047
1.00014
0.99882
1.00108
0.999816
0.99944
0.999197
1.00124
1.00403
0.99812
1.00005
0.993848
0.996223
1.00539
0.997758
1.00332
1.005
0.998457
1.00114
0.994175
0.996836
1.00584
1.00164
0.994514
0.997265
0.999207
1.00229
1.00144
0.999517
1.00173
0.998082
0.999144
1.00075
0.997274
0.999511
1.00307
0.997742
1.00111
0.998615
0.998867
0.996904
0.997495
0.997729
0.999399
1.00046
0.99988
0.995881
1.00213
1.0047
1.00115
1.00014
0.997273
1.00331
0.997967
1.00509
0.997653
1.00168
1.00231
1.00106
0.99821
1.00372
0.999217
0.999828
1.00065
1.00144
0.998507
0.997396
1.00016
0.999588
0.997404
0.995758
1.00278
0.994969
1.00294
1.0008
1.00027
0.999823
0.999722
0.999267
1.00014
1.00173
0.995361
0.999684
0.99903
0.998119
1.00333
0.997697
1.00131
1.00401
1.00292
0.997625
0.999064
1.00031
1.00088
0.99807
1.00007
1.00094
0.997405
1.00089
1.00241
0.999599
0.999767
0.999412
1.00623
0.994927
0.99848
0.996696
1.00078
1.00123
1.00004
0.997666
1.00045
1.00144
1.00163
0.998011
0.99884
0.999212
0.998771
1.00311
0.998509
0.999925
1.00061
0.998767
1.0021
1.00148
0.999436
0.997124
0.997995
1.0014
0.9954
0.998742
0.9992
0.998685
1.00304
1.00154
0.997647
0.997715
1.00008
0.998845
0.997764
1.00085
1.00326
0.99738
0.997316
1.00144
0.997989
1.00265
1.00044
0.997311
0.999021
0.994541
1.00182
1.00465
1.00075
0.999213
0.997663
0.997813
1.00117
0.996846
0.994196
0.997369
1.00258
0.994878
0.997288
1.00186
1.00075
1.00064
0.998915
0.994603
0.99772
0.999406
1.00213
1.00007
0.996453
0.996642
0.999156
1.00237
0.999782
0.999392
1.00219
0.999123
1.00088
0.999133
0.998385
1.00233
0.99976
0.996541
0.999874
1.00101
0.999922
1.00229
0.995517
1.00123
1.00336
1.0015
1.00134
1.00139
0.995441
0.999521
1.00015
0.997941
1.00093
0.998702
0.996442
1.00245
0.996929
0.997309
1.00177
1.00186
0.995293
0.99261
1.00072
0.997178
1.00124
0.997779
0.996574
0.999569
0.997336
1.00262
1.00144
1.00167
0.99902
1.00101
1.00081
0.994013
1.00189
1.00234
1.00178
0.999749
1.00169
0.998604
1.0016
1.00291
1.00469
1.00176
0.999019
0.999295
1.00185
0.999104
0.997417
0.999419
0.995795
1.00509
0.99918
0.999493
0.998016
0.999568
0.999399
1.00258
1.00043
1.00068
1.00256
1.0004
1.00236
0.998942
0.99888
0.998853
0.998657
1.00058
0.99968
0.995763
0.999576
0.999911
0.996011
0.998004
1.00062
1.001
1.00237
1.00319
1.00387
0.99996
0.999489
0.99867
1.00084
0.999058
1.00199
1.00249
1.00236
1.0004
0.997542
0.996986
1.00226
0.999978
1.00196
0.99251
0.999733
1.00037
0.998269
1.00658
1.00207
0.995834
0.996977
1.00122
0.998344
1.0002
1.00419
1.00097
0.999468
0.997302
1.00095
1.00151
1.00234
0.995613
0.997949
0.995394
1.00149
0.999169
0.999476
1.00173
1.00348
1.00146
0.999046
1.00436
0.993154
0.996344
0.995356
1.0021
0.999719
1.00117
1.00515
1.00262
0.996475
0.99901
1.00061
0.999801
0.994224
0.998675
1.00075
0.999394
0.999075
1.0008
0.997147
1.00191
0.998985
0.997552
1.00125
0.999184
0.997804
1.00664
1.00087
1.00004
0.998074
1.00077
1.00346
1.00296
0.999463
1.00193
1.00119
0.997402
1.00336
0.999656
1.00108
1.00118
1.00431
1
1.00315
0.998252
0.998399
0.99903
0.997932
0.99947
0.997113
1.00066
1.0039
0.99935
1.00285
0.993789
1.00114
0.99408
1.00285
1.00297
0.997617
1.00107
1.00074
1.00182
0.999573
0.997147
1.00488
1.00053
1.00586
1.00267
0.998719
0.999768
1.00082
0.997666
0.998161
1.00229
0.99638
1.00225
1.00332
0.997361
0.995779
1.00033
0.997552
0.999063
1.00424
0.997179
0.996754
1.00102
0.998954
0.999496
0.998266
1.00107
1.00218
0.998323
0.997544
1.00349
0.997903
0.99874
0.999378
1.00102
1.00297
1.00442
1.00029
1.00157
1.0007
1.00228
0.996587
1.00034
0.998315
1.0009
0.997494
0.998599
1.00265
0.997116
1.0031
1.00074
0.999944
1.00152
0.995204
0.998967
1.00013
0.999453
0.998423
0.995537
0.999609
1.00042
1.00201
0.994847
0.997546
1.00253
1.00153
0.99546
1.00046
0.999815
0.997487
1.00407
0.997955
1.00007
0.999341
1.0003
1.00123
1.00145
1.00143
1.0022
1.00123
0.999252
0.99982
0.996374
1.00011
0.998644
0.999734
0.994443
0.999344
1.00095
1.00195
0.995327
0.997184
1.00196
0.996856
1.00151
1.00045
0.999126
1.00108
1.00274
0.999027
0.997566
1.00054
0.999613
0.999867
1.00074
1.00249
0.99597
1.00267
0.998221
1.00046
0.998568
0.993982
0.998696
1.00269
0.999852
1.0037
1.00384
1.00053
0.999951
1.00038
1.00027
0.999684
0.999112
1.00045
0.99762
1.00374
1.0007
0.999049
0.999022
0.999853
0.997409
0.996293
0.998728
0.998867
1.00078
0.996631
0.997803
0.998847
1.00222
1.00115
0.999792
1.00045
1.00139
1.00068
0.997258
0.997368
1.00097
0.999385
0.995077
0.998459
1.00067
1.00188
0.998854
1.0034
0.999362
0.99367
1.00091
1.00136
0.99937
0.997326
1.00142
0.998836
1.00179
0.997204
1.00188
1.00204
0.997591
0.997698
0.998891
0.999312
1.00273
1.00517
1.00161
0.998856
0.999632
1.0089
0.999429
1.00545
1.00343
1.00379
1.00418
0.995363
1.00227
1.0022
1.00093
0.998246
0.999456
1.00203
1.00016
1.00001
0.99623
0.997707
1.00198
1.00149
0.997143
0.998878
0.996448
0.996988
0.998384
0.999966
0.99605
0.999774
0.998211
0.998712
1.00224
0.994072
0.999692
1.00004
1.00232
0.999789
1.00273
0.999832
0.998864
1.0002
0.996801
0.9976
1.00035
1.00149
1.00014
0.996296
1.00278
1.00155
0.998126
0.999981
0.998264
1.00165
0.996584
0.996451
0.998419
1.00042
1.00695
1.0054
1.00034
0.999248
1.00204
0.997441
0.998103
1.00445
0.993609
0.996207
1.00035
0.998107
0.998787
0.999897
1.00245
1.0017
1.00337
0.998585
1.00187
0.999607
0.999133
0.996681
0.9986
1.00395
1.00233
1.00084
0.998671
1.00266
0.999622
0.998355
1.0032
0.998607
0.998823
1.00058
1.00444
1.00138
1.00122
1.0025
0.999613
0.998761
1.00599
0.998448
0.996667
0.999068
0.995005
0.998765
0.997626
1.0029
1.00223
0.99815
1.00384
0.999143
1.00203
1.00143
0.997418
0.997679
0.999551
1.00054
0.997495
1.00455
1.00225
1.00198
1.0012
1.00103
1.00027
0.997865
1.00054
1.00375
1.00003
1.00107
0.998574
0.997853
0.997195
1.00152
0.996866
0.999825
0.998332
1.00404
1.00368
1.00056
1.00032
1.00425
0.99918
1.00206
0.99866
1.00132
1.00037
0.999039
1.00218
1.00078
0.998367
0.998471
0.999946
0.999454
1.00074
1.00017
0.998061
1.00171
0.99406
1.00098
0.997405
0.998961
1.00022
1.00292
1.00236
1.0029
1.00062
0.998057
1.00098
1.00529
0.996259
1.00012
1.00039
1.00068
1.0033
1.00017
1.00025
1.00272
0.995487
0.998359
1.00477
0.999055
1.0033
0.996726
1.00153
0.996247
1.00207
1.00093
0.999143
0.999916
0.996718
1.0006
0.999738
0.999839
1.00039
1.00279
1.00278
1.00185
1.00147
1.00115
0.999739
0.997198
1.00207
0.999144
1.00047
0.997021
1.00337
1.00553
0.999982
1.00008
0.998036
1.00281
1.00041
0.99732
1.00266
1.00185
0.996387
0.997
0.992159
1.0012
0.997238
0.998966
1.00448
0.997216
0.996703
1.00446
0.996285
0.998709
1.00108
1.00062
1.00329
1.00078
0.998214
1.00224
0.995943
0.999601
0.999146
1.00206
0.999167
0.999016
0.999723
0.999077
1.00063
0.998231
1.00082
0.997125
1.00313
0.998378
1.00232
0.999087
0.998629
0.998708
0.999277
0.997355
0.994951
1.00139
1.00028
1.0043
1.00217
1.00272
1.00334
0.999017
1.001
0.996432
0.999474
0.996023
0.998141
0.99835
0.99756
1.00055
0.997708
0.996084
0.997661
0.996801
0.997966
0.999894
1.0012
1.00317
1.00054
1.00145
1.0011
0.995719
0.999772
0.996901
0.99735
0.997329
0.99761
1.00309
1.00229
0.998034
0.998883
0.997679
1.00018
0.996953
0.998158
1.00144
1.00266
1.00055
1.00003
0.998112
1.00132
0.996538
1.00362
0.997027
1.00184
0.99728
1.00217
0.998242
1.00159
1.00299
0.99762
1.002
1.00248
1.00504
0.999586
0.999601
0.998947
1.00069
0.996041
0.997757
0.999301
1.00127
1.00203
1.00089
0.998105
1.00355
0.999265
0.995693
1.00245
0.99962
0.999187
0.998281
1.00112
0.999563
0.99761
0.996258
1.00215
0.997288
1.00725
0.999208
1.0005
0.996568
0.996379
0.99784
1.0005
0.996251
1.00022
1.00059
1.00343
1.00138
0.998796
0.994754
1.00356
1.00049
0.997234
0.999288
0.999523
1.00174
0.999505
0.99913
0.997731
0.998389
1.0014
1.00282
1.00519
0.997533
1.00251
1.00334
0.999388
1.00306
0.999639
1.00069
1.00462
0.997357
0.997525
0.996187
0.996487
1.00044
1.00177
1.00263
1.00374
0.998015
1.00185
1.00141
1.002
1.00169
1.00291
1.00113
1.00056
0.998719
0.996974
1.00299
0.996205
1.00108
1.00024
0.998355
0.997656
1.00162
1.00206
1.00038
0.99812
0.998678
1.00132
0.995941
1.00041
1.00017
0.997366
1.0017
1.00085
0.997637
0.998811
1.00295
1.00149
1.00318
1.00077
0.999772
0.999797
1.00269
1.00161
0.999612
1.0042
1.00158
0.998446
0.999129
0.999517
1.00074
0.997297
1.00452
1.00022
0.999015
1.00256
1.00485
0.998932
0.996933
0.999038
0.997427
0.999353
0.999005
0.996338
0.997501
1.00202
0.998555
1.00193
0.997153
1.00233
1.00473
1.00045
1.00128
1.00397
0.994619
0.99648
1.00053
0.999261
0.999361
0.998096
1.00378
0.997646
0.996146
1.00161
0.998754
0.999479
1.00065
1.00014
1.00148
0.99989
0.999835
0.994146
1.00134
0.996452
0.999593
1.00098
0.99801
1.00009
0.998189
1.0002
0.997137
0.997866
0.997677
1.00179
0.997867
1.00345
1.0003
1.00471
1.00263
0.999521
1.00067
1.00155
1.00053
1.00063
0.999608
0.994004
0.996513
0.998564
1.00128
0.99931
1.00123
0.995526
0.998639
1.00116
0.996027
0.996882
0.999068
0.996896
0.99941
1.00591
0.999374
0.99797
0.997579
1.00393
0.997456
1.00052
1.00406
0.995584
0.99358
1.00011
1.00143
0.999546
1.00216
1.0021
0.999762
1.00039
0.997074
1.00044
0.995712
0.999118
1.00034
1.00165
0.999389
1.00093
1.00123
0.996544
0.998674
0.999789
0.997449
1.00048
0.998955
0.998286
1.00235
1.00039
0.999283
1.00139
0.997876
0.997385
1.00197
0.997629
0.999644
0.997649
0.999882
0.993885
1.00101
1.00112
1.00243
1.00034
0.998353
1.00231
1.00363
0.994876
1.00106
1.00244
0.999955
0.997539
0.996655
1.00085
0.999577
0.998018
1.00175
1.00006
0.999935
1.00311
0.998313
0.997358
1.0009
0.997498
1.00264
1.00313
1.0012
1.00332
0.999113
0.999998
1.00008
0.998017
0.998331
0.99868
0.995366
0.997853
1.00015
0.996979
1.00392
1.0017
0.999747
1.00629
1.00148
0.998949
1.00193
0.993489
0.99758
0.999485
0.997603
0.996747
1.00217
1.00184
0.999365
1.00162
0.996822
0.99622
1.00101
1.00327
0.997941
1.00502
0.998098
0.997074
0.997549
1.0006
0.999582
1.00373
1.00541
0.994759
0.998566
1.00484
1.00271
0.998602
1.00145
0.999585
0.998837
0.996916
0.999417
1.00348
0.997317
1.00146
1.00405
0.998643
1.00004
0.997131
0.998263
0.99824
1.00245
0.998324
0.99778
1.00468
0.998666
1.00331
0.999197
1.00427
1.00147
1.00139
1.0019
1.00044
0.998467
1.00098
0.998891
0.997095
0.999433
0.998516
1.00285
0.998185
0.996571
1.00143
1.00151
0.998652
0.999052
1.00294
1.00194
1.00129
1.00701
1.00045
0.996316
0.997837
1.00123
1.00021
0.998021
0.999187
1.00102
0.999072
0.999126
1.00114
1.00046
0.999446
1.00554
0.999948
0.999745
1.00138
0.99997
0.999806
1.00098
0.999432
0.995918
0.997833
0.99915
0.996379
1.00028
1.00109
1.0003
1.00178
1.00207
0.996898
1.00257
0.997053
1.00318
0.999929
0.998359
0.996981
0.997467
0.998679
1.00136
0.996489
0.998396
0.999294
0.999553
1.0003
0.997141
1.00032
0.99702
1.00091
0.997824
0.995326
0.999114
0.99742
1.00405
1.00109
0.999076
0.999127
0.999371
0.997292
1.0008
1.00371
0.997929
0.998589
1.00331
0.998474
0.999456
0.997097
0.999749
0.998463
1.00056
0.998694
1.00097
1.00202
1.00274
0.999631
1.00125
1.00469
0.999442
1.00283
1.00071
1.00029
0.995093
0.99855
1.00061
0.998806
0.999843
1.00258
0.999521
1.00376
1.00089
0.994879
1.00353
1.002
0.996407
0.999006
1.00055
0.996512
1.00071
0.994798
0.99823
1.00012
0.994759
0.999493
0.997769
0.998333
1.00355
1.00452
1.00437
1.00092
0.9966
0.998927
1.00246
1.00087
1.00294
0.999801
0.997192
0.995338
0.999373
1.0005
1.00094
1.00082
1.00057
0.999408
1.00187
0.998195
1.0002
1.00075
0.997116
0.996886
0.997516
1.00083
1.00298
1.00092
1.00302
0.999252
0.99435
1.00157
0.99786
1.00028
1.00048
0.995848
1.00139
1.00199
1.0016
0.99973
1.00048
0.996954
1.00151
0.999308
0.996618
1.00209
0.99915
1.00382
1.00082
0.998228
0.997222
1.00203
0.998942
1.00126
1.00113
1.00301
0.994386
0.999697
1.00013
0.996738
0.995991
1.00278
0.993679
0.995298
1.00104
0.999995
1.00156
0.999932
1.00105
1.00018
0.998372
0.996404
0.996085
1.00291
0.999651
0.998816
1.00189
0.997731
0.99888
1.00002
0.996191
0.99546
1.0028
0.997593
0.996876
1.00086
1.00031
1.00364
1.00312
0.999816
1.00372
0.997755
1.00079
0.996936
0.999774
1.00013
0.995563
0.99926
0.999234
0.995117
1.00237
1.00164
0.999591
1.00031
1.00114
0.996195
1.00063
0.999698
0.997883
1.00375
0.995716
0.998321
0.99793
1.00038
0.996742
1.00297
1.00474
1.00301
0.999142
0.997728
0.99891
0.99972
1.00189
0.998179
1.00029
0.999047
0.998295
1.00124
0.998269
0.999444
0.998758
1.00027
0.998854
0.999129
1.00171
0.999598
1.00122
1.00108
0.998646
1.00232
1.00069
0.999453
0.999741
1.00403
1.00086
0.997498
0.99445
1.0007
1.00321
1.00182
0.999579
1.00605
0.997556
1.00548
1.00276
1.00338
0.998683
1.00052
1.00263
1.00131
0.995908
1.00148
0.998713
0.99594
0.999303
0.997983
0.996689
1.00038
1.00204
0.999594
0.999079
1.00382
0.997884
1.00263
0.995718
1.00278
0.999929
0.995522
0.997193
1.00193
0.99859
0.9995
0.999228
1.00225
0.999603
1.00137
1.00039
1.00103
0.997662
0.99905
0.997638
0.999562
1.00342
1.00115
0.995172
1.00241
0.999351
0.997636
0.998298
0.996168
1.00051
1.00391
0.997684
1.00288
0.998528
0.999068
0.997104
1.00282
0.999518
1.00029
1.00044
1.00192
1.00305
0.999662
1.00411
0.997359
1.00002
0.992585
0.99906
0.998803
0.999015
1.00373
1.00502
0.997329
0.999469
1.0031
1.00525
0.997332
0.999907
0.995247
1.00458
1.00045
1.00084
1.00038
1.00118
1.00149
0.999665
0.997137
0.998714
0.99883
1.00007
0.999873
0.999009
1.00305
1.00142
1.00009
0.994911
1.0057
0.997925
0.997442
1.00032
1.00196
0.997518
0.99937
1.00108
1.00078
0.998562
1.00084
0.997618
1.00014
1.00086
1.00169
0.998203
1.00353
1.00266
0.993673
1.00014
0.998814
1.00081
1.00086
0.999921
1.00282
1.00229
0.996622
1.00203
0.999152
1.00071
1.00014
1.00088
1.00283
1.00011
1.00007
0.998731
1.00303
1.00478
0.99937
0.995599
0.999057
0.996546
0.999253
0.997343
1.0036
0.997812
1.00103
0.998192
1.00501
0.998503
1.0019
1.00567
0.99667
0.998296
0.999021
0.998419
1.00203
1.00208
0.996818
0.998527
0.999984
1.0016
1.00024
0.998643
1.00083
0.999927
0.999677
0.995397
0.998336
1.00099
0.996416
0.999942
0.999761
0.997915
0.998274
0.995939
0.99952
0.99883
1.00808
1.00003
0.994664
0.997216
1.0039
0.999216
1.00121
0.999013
0.999643
1.00105
1.00399
1.00275
0.99389
0.999758
0.9953
1.0024
0.999091
0.994
0.995363
1.00331
1.00274
1.00149
0.994401
1.00046
0.999021
0.999884
0.996049
1.0008
1.00269
0.999874
1.00041
1.00222
0.99715
0.998133
1.00076
1.0013
1.00196
0.997244
1.00588
0.99383
0.99851
0.996775
1.00547
1.00032
0.997069
1.00425
0.993872
0.999338
0.999618
1.00177
1.00187
1.00208
0.999307
1.00061
0.992233
1.00132
1.00188
1.00175
0.997738
1.00001
1.00056
1.00152
0.994198
0.998743
1.00115
1.00194
0.997837
1.00042
0.996323
0.996044
1.00363
0.998139
1.00177
1.00053
1.00218
1.00121
0.999925
0.999169
1.00697
1.00092
0.992325
0.99945
0.998773
1.00301
0.999991
1.00146
0.997597
0.997197
1.00097
0.997181
0.995739
0.999921
0.99893
1.00306
0.999972
0.995694
0.998349
0.997436
0.996807
1.00136
0.998016
1.00235
0.999996
0.998476
1.00026
0.996565
1.00151
1.00515
0.999128
1.00302
1.00019
0.998225
1.00087
0.999403
0.999983
1.001
1.00142
0.999488
1.00412
0.997777
0.997593
1.00212
0.997497
0.997949
1.00052
0.998787
0.999078
0.997173
0.995794
1.00134
1.00062
0.998793
0.998788
0.999901
0.993148
1.00348
0.999856
0.998481
0.999545
0.997979
0.99871
1.0045
0.995099
1.0024
1.00158
0.998678
0.998788
1.00131
0.999045
1.00044
0.998204
0.998931
1.00083
1.00005
0.996248
1.00361
0.995891
1.00203
1.00116
0.998437
0.997063
0.99921
1.00111
1.00022
0.999728
1.00091
1.00172
0.99411
1.00001
1.0004
1.00607
0.998277
1.00356
1.00071
1.0019
1.00302
1.00015
1.00189
1.00107
1.00056
1.00072
1.00154
1.00055
0.996214
0.997273
1.00255
1.00242
0.998241
0.999805
1.00187
1.00389
0.996209
1.00137
1.00289
1.00256
0.994167
0.998875
1.00141
1.00101
1.00151
1.00081
0.999893
1.00274
0.996079
0.998832
1.0047
1.00087
0.997417
1.003
0.99982
1.00166
0.999188
0.998842
0.995974
0.997746
0.998916
0.995491
0.999271
0.997531
0.999634
1.00265
0.993569
1.0005
0.999888
1.00382
1.00134
0.998795
1.00198
1.0022
0.996914
1
0.997397
1.00248
1.00435
0.999742
0.995691
1.00563
1.00056
0.998666
1.00069
0.996459
1.0001
1.00698
0.999414
0.998567
1.00041
1.0013
1.00307
1.00144
0.996655
1.0009
1.00082
0.999511
1.00143
0.997847
0.998997
0.998947
1.00061
0.99871
1.00121
1.00046
1.00273
0.996118
1.00127
1.00085
0.998
1.00037
1.00261
1.0015
1.00423
0.996412
1.00015
0.999049
1.00171
1.00326
0.996211
0.994857
0.999283
1.00073
1.00048
0.998649
0.999991
1.00268
1.00239
1.00081
1.0004
1.00136
1.00213
1.00224
0.998765
1.00321
0.999233
0.997012
1.00339
1.00149
1.00113
1.00052
0.999567
1.00078
0.99826
0.999427
1.001
1.0013
0.998677
0.998694
0.9986
0.99802
1.00008
1.00106
0.995932
1.00161
1.0019
1.00065
1.00138
0.997671
0.998756
0.997056
0.999716
0.999255
0.999963
1.00099
0.998305
1.00235
0.998687
0.997326
0.997731
0.998461
1.00152
0.997823
1.00331
0.997258
0.996879
1.00143
1.00546
1.00064
1.00081
1.0001
0.998224
1.00248
1.00114
1.00256
0.994795
1.00017
1.00048
0.997728
0.997018
1.00007
0.999277
0.995597
0.993723
1.00413
0.999672
0.996848
1.00101
1.00124
0.999444
0.998766
1.00072
0.998777
0.99825
0.998814
0.995686
1.00246
1.00163
0.997756
1.00289
1.00083
0.998878
0.993036
1.00015
0.994667
1.00507
0.996676
1.00017
0.998574
1.00719
0.998885
1.00093
0.998198
0.999181
0.997055
1.00236
1.00243
0.999467
1.00091
1.00226
1.00207
1.00075
0.998933
0.996638
1.00502
1.00143
1.00391
0.998467
0.999585
0.998474
0.994928
0.998148
1.0026
0.998556
1.00104
1.00015
0.998546
1.00326
1.00274
1.00142
0.9962
1.00174
1.00023
1.00223
0.999611
0.999864
1.00193
0.998115
1.00296
1.00299
1.00077
1.00145
0.999993
1.00036
1.00227
1.00107
1.00463
0.997199
1.00152
1.00126
0.9994
1.00092
0.998931
0.997034
1.00091
1.00058
1.00001
0.999875
0.996411
1.00175
0.998356
1.00217
1.00174
0.999592
0.997713
0.995706
0.994801
1.00252
1.00223
1.00088
0.999688
1.00289
1.00055
0.996439
1.00018
0.999192
1.00151
1.00323
0.998103
1.00576
1.00125
1.00237
1.00104
1.00186
0.999108
0.99879
1.00083
0.997671
0.997835
0.996915
1.001
1.00067
1.00125
0.998087
0.999335
1.00274
0.996147
1.00201
0.998976
0.997015
1.00384
0.999886
1.00217
1.00261
0.997055
1.00367
0.999379
1.00113
0.9984
0.99852
0.996824
1.00241
1.00066
0.997046
0.997125
1.00459
1.00212
1.00082
1.00191
0.995721
0.998493
0.998187
1.00072
0.999081
1.00106
1.00219
1.0027
1.00175
0.997901
0.996827
0.99893
0.997883
0.99637
1.00386
1.00257
1.00033
1.00116
1.00285
1.00011
1.00155
1.0018
1.00376
0.996731
0.998555
1.00716
1.00155
1.00035
1.00128
1.00153
1.00125
1.00209
0.997783
1.00182
0.99551
0.998142
0.998472
1.00131
0.999312
0.997118
0.997834
0.997139
1.00021
0.997796
0.999398
1.00131
1.00136
1.00088
0.998766
1.00161
0.999843
1.00035
1.00048
0.999642
1.00317
0.99862
1.00121
0.99421
0.996148
0.994414
1.00018
0.998512
1.00208
1.00019
1.00189
0.995781
0.996192
1.00406
0.999859
1.00173
1.00639
1.00428
1.00325
0.995829
1.00365
0.998718
1.00081
1.00428
0.998767
0.997898
0.999396
0.999753
1.00059
0.993707
1.00619
1.00098
0.999128
0.999941
0.998129
0.998119
0.997178
1.00038
0.998902
0.996528
1.00118
1.00148
1.00423
0.995301
1.00067
0.999734
1.00212
1.00199
0.998788
0.999657
1.00034
0.997703
0.997588
0.997224
1.00501
0.998102
1.00279
1.003
0.99915
0.996803
1.00173
1.00222
1.00033
0.99984
1.0007
1.00317
0.99583
1.00533
0.996989
0.997319
0.995797
1.00175
0.999516
1.00314
1.00478
0.999048
0.997127
1.00139
0.997437
1.00255
1.00132
0.994991
1.0024
0.996559
0.999287
0.997207
0.997679
0.998641
1.00212
0.999326
1.00235
0.994993
0.999159
1.00125
0.996642
1.00113
1.00072
0.999525
1.00051
1.00254
1.00301
0.999689
0.996102
1.00231
1.00424
0.997927
1.00037
1.00099
1.00009
0.999587
1.00066
1.00251
1.00036
0.997662
0.999663
1.0008
0.999277
0.999333
1.00168
1.00064
0.999559
0.996732
1.00044
1.00381
1.00302
0.997935
1.00108
1.00164
0.998439
0.999825
1.00037
0.998083
1.00381
0.997562
0.996482
0.994775
0.996873
0.999921
1.00062
1.0003
1.00054
1.00452
1.00029
0.999223
1.00163
0.998537
1.00019
1.00153
1.00137
1.00382
0.999241
1.00461
1.00202
0.997658
1.00407
1.0004
1.00403
0.996101
1.00467
1.00114
0.99813
1.00074
1.00139
0.994036
0.998215
0.998323
0.999428
1.00337
0.999605
0.998201
0.999893
1.0036
1.00146
1.00188
1.00172
1.00223
1.0021
0.998185
0.999598
0.999734
0.998274
0.996937
0.997267
1.0028
0.998377
0.998662
1.00502
1.00209
1.00292
1.00075
1.00008
0.998797
0.998933
0.999278
1.00235
1.00193
1.00314
0.997046
0.995393
0.996869
0.997717
1.00189
0.999741
0.998777
1.00134
1.00235
0.99802
1.00035
1.00115
0.994944
0.999924
1.00153
0.997774
0.999551
1.002
1.00311
0.999881
0.997376
1.00181
1.00201
0.998672
0.999252
0.99918
0.99939
0.999318
1.00018
0.996997
0.996928
1.00012
0.998958
1.00206
1.0005
0.998585
1.00022
0.998398
0.999292
0.999407
0.999955
0.998553
0.999279
0.99249
0.998373
0.998014
1.00106
0.997208
1.00187
1.00009
1.00158
1.00447
1.00176
0.999507
1.00025
0.99953
0.994805
1.00064
0.998498
1.00077
1.00123
0.995464
1.00362
0.997446
1.00131
1.00026
0.994157
1.00076
0.997216
1.00079
0.999843
1.00168
1.00176
1.00165
0.998841
0.998695
1.00262
0.997731
1.00311
1.00065
1.00142
0.996939
1.00007
0.995789
0.99846
0.99974
0.99865
0.996078
0.998022
1.0006
0.997543
1.00059
1.0006
1.00371
1.00052
1.00104
0.998698
0.99804
1.00506
1.00339
0.996287
0.998108
1.00394
0.994232
0.996669
1.00253
1.00156
1.00203
0.99868
1.00329
0.996862
0.999624
1.00121
1.0013
0.998728
1.00284
0.995719
0.99944
1.00362
0.999839
1.00414
0.999236
0.999791
0.997417
0.997418
0.999687
1.00054
0.999782
1.0002
1.00123
1.00064
0.999085
0.999686
0.998283
0.994976
1.00035
0.998122
1.002
1.00301
0.995632
0.997954
0.999064
0.996126
1.00014
0.994283
1.00043
0.998945
0.998371
0.999047
0.998638
1.00152
1.00048
1.0003
0.993651
1.00211
1.00192
1.00248
1.00369
0.998842
0.998113
0.999623
1.00161
0.998824
1.00514
1.00383
0.999344
1.00028
1.00314
1.00117
0.999566
0.99597
1.00134
1.00584
1.0005
1.00374
0.998549
0.9995
1.00166
0.998204
1.00089
1.00005
1.0025
1.00163
0.996473
1.00137
1.00282
0.998719
1.00119
1.00161
0.998594
0.998786
1.00048
1.00006
1.00246
1.00174
1.00156
0.996647
1.0005
0.999281
0.999366
1.00216
1.0021
0.995109
1.00254
0.999196
0.997135
1.00507
0.999557
1.00148
0.999453
1.00136
0.997536
1.00346
1.00082
0.999024
0.999014
0.996907
1.00112
0.995613
1.00105
1.00218
1.00134
0.998635
1.00188
1.00364
0.997386
0.996949
0.999825
0.99796
0.997125
0.998623
1.00033
1.00184
0.998958
0.99776
0.999627
1.00375
0.998174
0.998366
0.998007
0.997083
1.00567
0.999865
0.997107
0.999311
1.00279
0.999629
1.00502
0.996488
1.00552
1.00295
0.999868
1.00127
1.00075
0.999522
0.995811
0.997337
0.999872
1.00006
0.995403
0.999926
1.00222
0.998969
1.0044
1.00366
0.999994
0.999459
0.998631
1.00365
0.999053
1.00042
0.996038
0.996069
1.00092
1.00427
0.995028
0.998262
0.996056
1.00016
0.999824
0.998341
0.999691
0.992804
1.0015
0.999627
1.00197
1.00264
0.99823
0.999468
1.00275
0.999117
1.00521
1.0005
1.00273
0.9994
0.992969
1.00297
0.997778
0.999455
1.00257
0.999166
1.002
1.0034
0.997668
0.998735
1.00179
0.997993
0.99778
1.00128
1.00266
1.00148
0.99957
1.00063
1.00277
0.998712
0.99834
1.00164
1.00079
0.999367
0.998773
1.00342
0.996872
1.00116
1.00038
0.999657
1.00166
0.999495
0.997099
0.996662
1.00126
1.00026
1.00519
0.99793
1.00391
1.00088
0.998722
0.998862
0.999932
0.994158
1.00037
1.0015
1.00158
1.00098
0.999948
0.998874
1.00167
0.997759
1.00362
1.00171
0.99897
0.996418
1.0013
0.997893
1.00171
1.00157
1.00385
0.999643
1.00041
1.00257
1.0017
0.998243
1.00319
0.99973
1.00012
0.998043
1.00166
1.00026
0.998712
1.00104
0.998183
0.99921
0.99967
0.999701
1.00048
1.004
0.999729
0.998105
1.00371
1.00214
0.999431
0.995271
1.00168
1.00051
0.998701
0.995503
1.00135
1.00254
1.00056
0.996906
0.999629
1.0056
0.998791
1.00244
1.00312
0.998519
1.00446
1.00269
1.00239
1.00507
0.999827
1.00287
1.00332
1.00224
0.999697
0.999854
1.00034
0.998809
1.0004
0.998019
1.00038
0.999836
0.994157
0.998818
1.00214
1.00085
0.998084
0.997064
0.999692
0.999144
0.995767
1.00156
1.00039
1.00184
0.996518
0.999142
0.998361
0.995426
1.00259
1.00208
1.00218
0.996684
1.00137
1.00083
0.999697
1.00084
0.995617
0.99501
0.999578
0.998734
0.999228
0.998688
1.00459
1.00225
0.998311
0.998911
1.00284
0.999856
0.99969
1.00182
0.997011
1.00302
1.00789
0.999694
1.00054
0.999969
0.999833
0.998172
0.99929
1.00119
0.997554
0.999663
1.00113
1.00176
1.00025
0.998134
1.00015
0.997425
1.00019
0.998896
1.00105
0.999115
0.998353
1.00129
1.00457
1.00118
0.999726
0.998139
1.00354
1.00174
1.00159
0.99976
1.00364
1.00061
0.999555
1.00009
0.999811
1.00299
0.999643
1.00327
1.00239
1.00068
1.00011
0.996486
1.00204
1.00153
1.00247
1.00175
0.996468
0.995131
1.00355
1.00129
1.00099
0.996785
0.998069
1.00128
1.00105
1.00135
0.999825
0.997682
1.0005
1.00013
0.998653
0.99902
0.996741
1.00099
0.99891
1.00207
0.999456
1.00036
1.00358
1.0012
0.99848
1.0013
1.0002
1.00013
1.00046
1.00421
0.996164
1.00031
1.00012
1.0002
0.998622
1.00147
0.997861
1.00081
0.997094
1.00136
0.998794
1.00021
1.00412
0.998734
1.00107
0.997171
0.998227
1.00212
0.997333
0.999817
0.996033
1.00251
1.0033
1.00099
0.996514
1.00111
1.00041
1.00574
0.997918
0.996447
1.00123
0.999444
0.995136
1.00189
0.998304
1.00218
0.999291
0.999327
0.993274
1.00297
1.00204
0.996826
1.0023
1.00395
1.00164
0.999148
0.999131
0.997734
0.997777
1.0022
1.00276
1.00032
1.00077
1.00488
1.0032
1.00276
0.99816
1.00153
1.00373
0.997185
0.99777
1.00265
0.994343
0.995055
1.00378
1.00059
1.00306
0.996828
0.999669
1.00409
0.994925
0.999358
1.00298
0.998172
0.999392
1.00502
0.99966
0.99871
0.994694
0.998498
0.996998
0.999977
1.00113
0.997736
1.00075
1.00075
1.00083
0.996104
1.00029
1.00301
0.999397
1.00155
1.00254
1.00131
0.999489
0.996735
1.0022
0.999199
0.999475
1.0022
0.998006
0.998459
1.00055
0.999409
1.00463
1.00164
0.999011
1.00562
1.00168
1.00098
1.00288
1.00041
0.999404
1.00051
1.00051
1.00309
1.00248
1.00076
1.00422
1.00158
1.00478
1.00385
1.00037
1.00746
0.995211
1.00032
0.999248
1.0046
0.999648
1.00293
1.00287
0.998519
0.997234
0.996822
0.997264
1.00122
1.00072
1.00121
0.998462
1.00041
0.999515
1.00025
0.99734
0.99757
0.998985
1.00306
1.00038
0.998221
1.00262
0.999723
1.00287
0.999922
0.997777
1.00035
1.00184
1.00363
1.00135
0.996375
0.999081
0.998181
1.00319
1.0004
1.00043
0.999238
1.00222
1.00095
0.999059
0.999082
1.00042
1.00468
1.00056
0.995486
0.997952
1.00005
0.999069
1.00196
0.999594
1.00034
1.00402
1.00182
1.00158
0.999041
0.999733
1.00209
1.0002
1.00118
0.99975
0.99699
0.998698
0.997741
0.997027
1.00401
1.00039
1.00439
0.998958
1.0021
0.99933
1.00302
1.00282
0.997506
1.00432
1.00286
1.00069
0.999396
1.00185
0.998711
1.00245
0.993591
1.00167
0.999632
0.996924
1.00013
0.997364
0.99763
0.998637
1.00005
1.00265
1.00284
0.995878
0.998497
1.00013
0.998267
1.00192
1.00043
0.997439
1.00241
1.00073
0.996349
1.00061
0.999426
0.996421
0.996357
1.00172
1.00279
0.999786
0.998428
0.998474
1.00343
1.00108
0.998965
0.999047
0.998931
1.00096
1.00267
0.999148
0.997612
1.0039
1.00094
1.00229
1.0052
0.998713
0.996583
0.997379
1.00131
0.997545
1.00217
0.996086
1.00047
1.00143
1.00312
1.00101
0.997495
0.997788
1.00139
0.999008
1.00002
1.00118
0.998444
0.999414
1.00232
1.00161
1.00124
0.996518
0.999611
0.999294
1.00238
0.999395
0.999895
1.00208
0.998654
1.00381
0.997167
1.00145
1.00311
1.0005
1.00149
1.00022
1.00216
1.00157
1.00241
1.00509
1.00102
1.00476
0.997489
0.997431
0.997455
1.00214
0.995813
1.00047
1.00212
0.997674
1.00033
0.996042
0.9994
0.999212
1.00238
0.995002
1.00221
0.999088
1.00169
0.99932
1.0024
0.998903
0.999938
0.997052
1.0009
0.999344
1.00228
0.997979
1.00104
0.999576
1.00162
1.00099
0.999831
0.994119
0.996577
1.00282
0.999731
0.99738
1.00137
0.999301
0.997327
1.00399
0.998959
1.00162
1.00184
1.00232
1.00223
1.00045
0.997571
1.00117
1.00059
1.00236
1.00046
1.00167
0.999266
0.999539
1.00104
0.998412
1.00181
1.003
0.99972
1.00312
1.00121
0.999039
1.00122
1.00114
1.00212
1.00157
0.998684
1.00423
0.999386
1.00014
0.99926
0.996942
0.994697
1.0001
0.99905
1.00058
1.00241
0.995853
1.00045
0.99822
1.00059
0.996259
1.00297
1.00013
0.995805
1.0003
0.994257
1.00032
1.00385
0.999298
1.00097
0.997479
0.9973
1.00432
1.00001
1.00136
1.00077
1.00194
0.997565
1.00088
1.00124
1.00011
0.998553
1.00134
1.00073
0.998618
0.997264
1.00067
1.00255
1.0005
0.999548
0.999993
1.00162
1.0013
1.00493
0.999253
0.998497
1.00034
0.999628
0.997205
0.999776
1.00074
0.996737
1.00261
0.998516
1.00194
0.994103
1.00097
0.996243
1.00378
0.998473
1.00106
0.999479
1.00396
1.00061
0.993374
1.00106
0.997925
0.997958
0.996101
1.00352
1.00455
0.999543
0.996988
1.00105
0.997991
0.998777
0.99813
0.995171
1.00013
1.00277
1.00251
1.00056
0.997921
1.0003
1.00079
1.00253
0.994697
1.00298
1.00163
1.0024
0.996539
0.994574
0.998841
1.00009
0.995428
1.00006
1.00068
0.995546
1.00037
1.00488
0.999109
1.00007
0.995524
0.998905
0.999084
0.997121
1.00045
0.995015
1.00075
0.997861
1.00088
0.999181
1.00394
0.999014
0.998278
1.00459
0.994697
0.998701
0.998408
1.00153
1.00112
0.999553
1.00144
0.999989
0.99617
1.00053
1.0013
1.00226
0.998943
0.995737
1.00028
0.995873
1.00003
0.99859
1.00161
1.00639
0.995999
0.995516
1.00055
0.999876
1.00746
0.997349
1.00133
0.998716
0.999007
1.00102
0.996946
0.999601
1.00021
1.00124
0.994875
1.00122
1.00136
0.998942
0.997793
0.991496
0.996887
1.00347
1.00477
1.0026
0.999093
1.00045
1.00071
1.00311
1.00234
0.999803
1.00346
0.999708
0.994679
1.00279
