1.00357
0.992249
1.00421
1.00006
1.01225
1.01039
1.0107
1.0067
1.00606
0.994469
0.995157
0.99837
0.973112
0.989936
1.01435
0.974686
1.02156
0.986873
0.998128
0.988132
1.003
0.995131
0.982574
0.983886
1.0066
0.985286
0.988751
1.00694
1.02172
0.989546
1.00778
0.990027
1.01021
1.02072
0.992697
0.99354
1.00655
0.993425
1.02109
0.987655
1.01331
1.00692
1.01028
1.01065
0.988685
1.00963
0.98174
1.00033
0.990884
1.0357
0.99126
1.02921
1.01162
0.992619
1.02117
1.00408
0.996325
0.994993
0.991568
0.983698
1.00535
1.00244
0.994119
1.00638
0.966591
0.997564
1.00724
0.987495
1.00322
1.00899
1.00416
1.00204
1.0101
0.986157
1.01087
1.01199
1.00573
0.972198
0.975297
1.00347
1.00132
1.00978
0.986518
0.970697
1.00439
1.007
0.988467
0.982141
1.00448
0.987552
1.00146
1.00516
1.01811
0.992671
1.01073
0.981721
1.00013
1.00319
0.994483
0.991125
1.00881
0.981004
1.01301
0.997868
1.00983
0.988264
1.00504
1.00765
0.99796
0.989386
1.0012
0.987322
1.00277
1.00803
1.01194
1.00805
0.999011
0.995572
0.998989
1.00958
1.00738
1.01763
0.993384
0.990774
0.99509
0.999725
1.01355
1.00284
0.997812
1.01468
0.988018
0.998135
1.00748
1.00135
1.00471
0.990264
0.998034
0.996153
1.00845
0.995168
0.990606
1.02497
1.01387
0.989916
0.985259
1.01732
1.0121
0.993783
0.996675
0.999337
1.00314
0.986964
0.98319
0.981207
1.01946
0.99653
0.998132
0.997826
0.977365
0.999005
0.997665
0.995642
1.01942
0.997348
0.991373
1.02102
1.01753
1.01145
0.998091
1.00981
1.00767
1.0009
1.00011
1.00348
0.974859
1.02436
1.01349
1.01424
0.995313
0.989089
0.984031
1.02151
1.00006
1.00519
1.00329
0.98668
1.01413
1.00365
0.990824
1.00784
0.995843
1.00204
1.00971
1.01658
1.00132
0.996915
1.0038
1.0083
1.01135
1.00299
0.995104
1.032
0.984589
0.994583
1.00638
0.991571
0.999243
1.03236
1.00254
0.997491
0.997245
1.01094
1.00524
0.967508
1.01174
1.00825
0.986327
0.99904
1.00826
0.992031
1.00734
0.995639
0.993094
1.0073
1.02291
0.988756
0.992407
0.999251
1.0047
1.00729
1.01466
1.0092
0.998853
1.01172
0.994471
1.00522
0.982057
1.03104
1.00218
0.99732
1.01617
1.00122
0.973948
1.01314
1.01271
1.01174
1.00414
1.00062
1.00908
1.00163
1.00818
0.999675
1.00594
1.00212
0.994024
0.992615
1.00622
0.995347
1.01121
1.00515
1.01109
0.981214
0.986604
1.00115
1.01357
0.987745
0.99846
0.997135
1.00499
0.996176
1.01528
1.00386
1.00564
0.989582
0.992567
1.00784
0.991642
1.01112
0.995343
0.995747
1.00196
0.993505
1.01103
0.991829
0.981864
0.996566
0.998109
0.980277
1.01773
0.988242
0.994436
1.00068
1.00701
0.996589
0.98479
0.996763
0.984051
1.00516
1.00794
0.987426
0.994669
1.00012
1.01235
0.997796
1.00103
0.969863
1.00885
1.00082
1.00789
1.0121
1.01871
1.00069
0.999283
0.989168
0.987926
1.00175
0.999193
1.01165
0.991052
0.995692
0.983213
0.999957
1.00304
0.992669
1.01313
0.989454
0.993157
0.996215
1.0053
0.998592
0.979499
0.998752
0.998297
1.01527
1.00015
1.00048
0.984375
0.99424
1.01283
1.02072
1.01186
0.997349
1.00551
1.00614
0.985323
1.00596
0.999741
0.998239
1.02344
0.983244
0.98943
1.00647
0.998931
1.01163
1.00473
0.990794
0.987481
0.987854
0.988154
0.995708
0.988433
1.00601
1.00371
0.989768
0.998356
0.968378
1.00934
0.987198
0.994728
1.00263
1.00536
1.01883
1.00826
1.00381
0.999217
1.00658
0.991699
1.02255
0.985857
0.991014
1.00887
1.00664
0.985269
1.00932
0.99845
0.997044
1.0103
0.998005
0.991592
0.977598
0.999674
1.00898
0.994754
1.00414
1.00193
1.00403
0.999335
1.01517
1.00898
0.978753
0.998689
1.0311
1.0134
1.00388
1.01602
0.995955
0.99155
1.00882
0.986027
1.01378
0.988068
1.00056
1.00768
0.991699
1.00063
1.01614
0.988325
1.00624
1.00979
0.996431
1.00996
0.993406
0.985939
1.01612
0.980236
0.996087
0.982064
1.01531
0.993558
0.996288
1.00914
0.998975
0.991833
1.00548
0.99894
0.99193
1.0104
1.00963
1.00783
0.991981
0.977459
1.01305
0.985371
0.983367
0.997486
1.00114
0.995049
0.991752
1.01786
0.998849
1.00749
1.00261
1.01533
1.00136
1.00671
1.01227
1.01277
0.989205
1.01404
0.993435
0.999799
0.99481
0.996595
1.00789
0.995855
0.98845
0.993969
1.00548
1.01395
0.988688
1.01479
0.989597
1.00399
1.03215
1.00062
1.00466
1.00217
1.01973
1.00775
0.977939
1.01884
1.00298
0.984554
0.982988
1.00169
1.00198
0.994272
0.994947
1.00548
0.989638
1.01141
0.993389
1.01139
1.00868
0.997764
1.00322
0.968312
1.00643
1.0291
0.998055
1.00175
0.999449
0.987064
0.978939
0.995837
1.00227
0.993999
1.00178
1.00848
1.0106
1.00135
0.984434
0.998433
1.01985
0.995753
0.995767
0.997649
1.00163
1.01769
0.998998
1.00042
1.01183
0.995025
0.994201
1.00245
1.0182
0.997309
1.01506
1.01246
0.998415
0.999433
0.998671
1.01344
0.989162
1.00595
1.0186
0.972073
1.00046
1.02731
0.981273
1.00538
1.01632
1.01068
1.00287
0.992377
1.00986
1.01349
1.01491
0.970902
0.990955
0.993766
0.997066
0.995477
0.972004
0.966797
0.995113
1.00238
0.991996
1.01218
0.996919
0.985511
1.00307
0.985481
1.01885
0.977374
0.987376
0.995939
0.992218
0.990518
0.993413
0.99017
1.01653
1.01149
1.01214
0.993291
0.986854
1.00638
0.995995
1.00111
0.996329
0.991443
1.00801
0.988355
1.01022
1.02128
0.995839
0.979501
0.988895
0.986097
1.01744
0.998902
0.987266
0.978983
1.00372
0.984717
1.00403
1.01447
0.988172
1.02483
0.986347
1.01613
1.00454
1.02234
0.977544
1.02501
1.00375
0.987298
0.994747
1.01219
1.01665
0.99669
0.998958
1.00584
0.99731
1.01894
1.00006
1.00377
1.00018
1.01125
1.00373
0.980768
0.985328
1.00348
0.992552
1.01386
0.973942
0.98681
0.991959
1.01361
0.997589
1.00059
1.00669
0.990229
1.0008
0.997449
1.00534
0.992202
0.997269
1.00714
1.01449
0.991443
1.00516
0.964179
1.00867
1.01225
1.00418
1.00002
0.990757
0.984732
1.00916
0.988851
1.00329
1.0038
1.0101
0.99003
0.976648
0.990321
0.990814
1.0125
1.00123
0.994146
1.00773
0.984757
1.0147
0.991758
0.98477
0.991022
1.03085
1.00443
0.994612
1.02394
1.00073
0.996867
0.971162
1.00577
0.988072
1.01382
0.998424
1.01446
1.00882
1.01642
1.00291
0.992115
0.996681
0.993342
1.01102
0.98752
1.00386
1.01263
0.999928
0.999004
0.997924
0.976035
1.00667
1.00703
1.0063
1.0155
1.00634
0.991642
1.00522
0.999623
1.01397
1.00956
1.00263
0.983269
1.00108
0.998624
0.999807
0.994256
0.999681
1.01196
0.992941
1.01485
1.00209
0.995198
1.01169
1.00057
0.987754
1.00689
0.9821
1.00886
1.00442
1.00064
0.98607
0.993611
1.00694
1.01049
0.995172
1.00749
0.988916
1.00797
1.02119
1.00553
0.984025
1.00096
0.997911
0.999803
0.980383
0.997696
1.00669
1.00588
0.983435
1.00918
0.992374
1.00406
1.00318
1.00694
1.00543
0.997552
0.994533
0.987421
0.986401
0.993542
1.01476
0.993485
1.01474
1.00356
0.987211
0.992525
1.02082
1.0384
1.00322
0.99111
1.01737
0.970309
1.00334
1.00241
0.98555
0.987608
0.993364
0.998632
1.00247
1.01501
0.996978
0.996619
0.991255
0.999616
1.01045
0.992995
1.00782
1.00456
0.99365
1.01199
1.0155
1.00123
0.997811
0.99173
1.00685
0.995101
0.981853
1.00344
0.990856
1.00192
0.98823
0.983286
1.03232
0.986633
1.00433
0.997722
1.00058
0.985881
1.00834
1.00777
1.00734
0.999225
0.98899
1.00638
1.01801
1.00937
1.01749
1.00571
0.996897
1.0082
1.00343
0.998474
1.0013
0.997067
1.01267
1.00915
1.00535
0.979747
1.01681
1.00578
0.996573
0.981958
0.975879
0.997352
1.01509
0.985236
1.00148
0.990277
1.00033
0.977692
1.00964
0.990337
0.999363
0.999061
1.00818
1.00612
1.00658
0.991769
1.0005
1.01153
0.984302
1.01722
0.982831
1.02023
0.994971
1.00175
1.019
0.998135
0.986905
1.00362
0.994683
0.988952
0.995818
1.00507
0.999205
1.00461
1.01066
0.989578
1.00201
1.00884
1.00525
1.02123
1.00177
1.0024
1.0021
1.00074
1.01844
1.01793
0.985141
1.00845
1.00801
0.996233
1.01322
1.00176
0.984209
1.00532
1.0225
1.0164
0.983966
0.999099
1.01568
0.999582
0.993449
1.00759
1.00581
0.987338
0.993595
0.998802
0.986601
0.994505
0.999741
0.996488
1.01396
1.00184
0.985781
0.996355
1.00673
1.02163
1.0244
1.01467
0.997701
1.00308
0.977594
0.970355
1.0077
1.0036
0.998854
0.980707
1.00797
0.981495
0.996104
1.0056
1.0081
0.99686
1.01036
0.994609
0.987078
0.976278
1.01131
0.999353
0.990606
1.0062
1.00769
0.999897
1.01148
0.987921
0.997532
1.004
1.00028
1.00151
0.997732
0.989888
0.991862
1.01284
1.02854
0.983726
0.99763
1.01535
1.01019
1.00462
1.0014
1.01134
0.999327
0.986334
0.999742
1.02106
1.01414
0.996812
1.00538
0.999571
0.991345
1.01788
1.00408
1.00298
1.00622
0.990004
1.01106
1.00703
1.01123
0.998316
0.968556
0.985017
0.985432
0.979612
0.984084
1.02138
1.00751
0.991966
1.02726
0.978709
1.01222
0.986138
0.995038
1.003
1.01003
0.998087
1.00785
0.999793
1.01519
0.984192
0.97691
1.01114
0.993889
1.00917
0.999205
0.997193
0.992831
1.00104
0.998235
1.00037
0.999076
0.997832
1.01628
0.996291
1.00893
0.992374
1.00196
1.01822
1.01419
0.992153
0.994842
1.00864
1.02559
0.982659
0.996288
0.998646
0.998736
0.996537
1.00594
1.00739
0.987583
1.00191
1.00056
1.0115
0.991759
0.9826
0.997953
1.00687
1.01209
0.994666
0.995409
0.998325
1.00816
0.993469
1.00092
1.01581
0.991943
0.989687
0.993918
0.997079
1.02209
0.991583
1.00384
0.997676
0.996139
1.00381
0.993065
0.993386
0.988348
0.997513
0.994337
1.00204
1.01315
1.00292
1.00238
1.00149
1.01206
1.01374
0.979893
0.982106
1.00579
1.00584
0.993437
0.980458
1.00936
1.01214
1.01398
1.00702
1.00009
1.00734
0.980396
0.986232
0.985695
0.990176
0.995553
1.01057
0.990222
1.00458
0.992299
0.99765
0.995575
0.996137
1.00854
1.01663
0.996922
1.01293
0.970204
0.995823
0.995358
0.99596
0.987679
0.982072
0.983651
0.982283
0.998229
1.00542
0.993483
1.01735
0.987058
1.005
1.01402
1.01247
0.998117
1.00358
1.00719
1.00783
1.00364
1.01555
0.987864
1.00496
0.997173
1.00786
0.998312
0.987564
0.986173
1.01416
0.999258
1.00509
1.00891
0.984329
0.999297
1.00749
1.02125
0.987488
1.00409
1.00663
0.993514
0.969044
1.00004
1.00394
0.997057
0.984267
0.993712
1.00667
1.003
1.01716
0.998048
0.998052
0.992907
1.00644
0.99173
0.997992
1.00626
1.02742
0.988656
0.986275
0.995031
0.977499
0.998915
1.01806
1.01592
1.00928
0.986723
0.982465
0.996248
0.978892
0.998416
0.991503
1.00903
1.00954
0.999923
1.01699
1.01874
0.993439
0.995996
1.01699
0.997507
1.00902
0.992033
0.998445
1.00991
1.00362
0.993926
1.01735
1.00642
0.990206
1.00143
0.987504
1.02465
0.982448
1.00032
0.987779
0.994938
1.01183
0.992567
1.00024
1.00436
0.999982
1.023
0.983761
1.01099
0.9903
1.00116
1.00342
0.989827
1.00454
0.983914
1.0014
1.00197
1.01456
0.978782
0.995339
0.990404
0.997135
1.01668
0.964649
1.01272
1.00662
1.00549
1.00721
0.987049
0.998347
1.00955
1.0036
1.00828
0.982807
1.00404
0.985436
1.00621
0.993885
0.997393
0.97872
0.993345
1.01362
1.00165
1.0141
0.985925
1.01533
1.01516
1.01301
1.00133
0.97772
1.00992
1.02026
0.978172
0.997868
1.00769
1.00568
0.983278
1.00244
0.992899
1.00454
1.00301
1.00177
1.01194
0.990596
1.00572
0.99686
1.00943
0.994021
1.00557
0.989208
0.998562
1.02308
0.98832
1.00182
1.01965
0.99938
0.965804
0.980457
1.01945
1.0059
0.99378
1.00483
1.00298
0.998312
1.0163
0.99383
1.00814
1.00689
0.997505
1.01552
1.01229
1.00286
1.01895
0.994957
0.982326
0.990089
1.02526
1.00742
0.988373
1.00455
0.986962
1.00841
0.989605
1.01327
0.991666
0.992889
0.996711
1.00412
0.993043
1.01138
1.00094
0.994941
0.998487
1.00149
0.997049
0.986781
1.00173
0.99576
1.00739
1.00229
0.989459
0.982895
1.00581
1.00189
0.996927
0.978447
1.00614
0.996199
0.994022
1.00798
1.00237
1.00294
1.0105
0.989047
1.00864
1.00444
1.00999
1.02624
0.996411
1.01516
0.993565
0.994148
1.01316
1.01021
1.00657
0.993465
0.994142
1.00415
0.993646
0.99523
1.00355
1.01408
1.01881
0.993317
0.992654
0.988789
0.993978
0.972238
0.997421
0.983681
0.997474
1.00055
1.00733
0.98656
0.997552
1.01313
1.01187
1.00143
1.00406
1.00514
0.982412
0.994053
0.987845
0.997807
0.988154
1.00957
0.996796
1.00806
1.01762
0.999891
1.0023
1.00469
0.996223
0.992289
1.00522
1.00331
0.988306
0.999183
1.00212
1.01608
0.99891
1.00278
0.991912
0.986799
0.990809
0.992175
1.01149
1.0126
1.00313
1.02049
1.00881
1.00589
0.998871
0.978916
0.99982
1.00443
0.997375
0.993324
0.993712
1.0054
0.992738
0.995056
0.984866
0.982355
1.0049
1.01702
0.999627
1.0094
0.992447
0.989926
1.00126
1.0094
0.997373
1.00387
0.995641
0.995346
1.01455
1.00443
1.01835
0.984867
1.01432
0.987717
0.996785
1.00608
1.00823
0.977875
0.986909
1.02001
0.994129
1.00098
1.01066
0.996468
1.01507
1.01503
0.995009
1.00694
0.996422
1.01412
0.99391
1.01088
0.992739
0.995434
1.00705
0.997952
0.984233
1.01582
1.01423
1.02776
1.01067
1.00221
0.994498
0.998464
0.993497
0.985077
0.997281
1.00081
1.00351
1.01614
1.00635
0.978336
1.02695
1.01638
0.978525
1.00648
1.00739
1.02262
0.992413
1.01199
1.00013
1.01514
1.02294
0.987186
0.991237
1.01024
1.00715
1.01107
0.991353
0.995844
1.00581
1.00137
0.978328
1.002
0.989344
0.98989
1.00723
1.00941
1.00622
1.00085
1.02207
0.999068
1.00726
0.980143
1.00785
1.0193
1.01029
0.988004
0.98867
1.0152
0.987442
1.01557
1.01689
1.02944
0.987779
1.00346
0.995164
0.980799
0.998615
0.98778
0.993456
1.00336
1.0156
1.01317
1.0084
0.981943
0.999801
1.00542
0.989205
0.981191
1.00489
0.997044
0.99598
0.987219
0.997403
1.00327
0.989809
0.999936
0.99955
1.0018
1.02
1.00111
0.999176
1.01944
0.999174
1.02184
0.995191
1.00684
1.00174
1.00386
1.00194
0.981453
1.00758
0.996724
1.00794
1.00517
0.991159
1.01444
0.978194
1.01229
1.00344
0.984037
1.00328
0.984723
0.994475
1.00572
1.00362
1.00008
0.984723
0.996218
1.00767
0.99585
0.984428
0.992211
0.98061
1.01195
0.98237
1.00354
1.015
0.99695
0.992752
0.980163
1.00386
0.983457
0.999874
1.0047
1.01016
1.00692
0.992705
0.978107
0.990938
1.01561
0.987403
1.0158
0.999563
1.00897
0.996091
1.0078
1.00598
0.973864
0.97243
1.00632
0.995691
0.975106
0.986635
0.988258
1.01068
0.975037
1.01024
1.01369
1.00115
0.988944
1.00692
0.996491
1.00313
1.01544
1.01106
0.996094
1.00001
0.991986
1.01139
1.01796
0.99348
1.00634
1.0169
1.01695
0.990165
1.01988
1.00831
0.997062
1.00837
1.00176
0.998246
0.999721
1.00604
1.01462
1.02003
0.997548
1.00584
1.00621
0.993483
1.0193
1.0014
1.0081
1.00979
0.998547
1.01462
1.00594
1.00741
1.00611
1.00881
0.991869
0.994501
0.998158
0.993008
1.0084
1.01334
1.00103
1.01333
1.01225
1.00779
1.0027
1.01926
1.00999
1.00203
1.00657
1.00651
1.00068
1.00556
0.993113
1.01561
0.99202
0.985641
0.991555
1.00236
1.01963
1.00038
1.01263
1.01001
1.00704
0.989909
1.01358
0.983379
0.997952
1.01173
0.993942
0.978841
0.992108
1.00834
0.982855
0.99816
0.990502
0.994342
0.998324
0.990966
1.00301
0.994561
0.981773
0.997643
0.997866
0.990578
0.992318
0.995516
1.00731
0.986268
0.996022
1.00491
0.986669
0.995164
1.01081
1.00534
0.993413
0.987216
1.01227
0.987017
1.0335
0.970877
0.999971
0.981568
1.01191
1.0145
0.978494
1.00427
0.980269
0.979793
1.00855
1.01538
0.99702
1.00113
0.998091
0.98932
0.993146
1.00504
1.01885
0.998215
1.01334
0.991179
0.994728
0.994412
0.986748
0.977836
1.00689
1.00671
1.0121
1.00427
1.00752
1.02024
0.999484
1.01895
1.00924
1.00565
1.02081
0.973735
0.989651
1.0023
0.99418
0.979004
1.00697
0.977916
0.993019
0.989983
1.00596
0.998907
0.995226
0.992831
0.978929
1.0109
0.994028
1.01664
1.00798
1.0321
1.00233
1.00493
0.999156
0.979922
0.992597
1.00737
1.00723
0.999825
1.00696
1.02012
1.00465
1.01439
1.01216
1.0156
0.989192
1.01259
1.00023
0.995855
1.01281
0.979404
0.992312
0.997617
0.992191
0.997034
0.977254
0.996805
0.988535
0.996221
0.993195
1.01584
0.976487
0.993955
0.981435
0.989552
1.01361
0.985793
1.01217
0.99915
1.00173
0.990307
0.996844
0.985953
0.994025
0.985649
1.00988
1.00747
0.990007
1.0105
0.986685
0.999021
0.998413
1.01442
1.00198
0.997967
0.98163
0.98028
0.988538
0.991606
0.979365
1.00998
0.998814
0.995248
0.998496
0.98848
0.991811
0.992653
0.986786
0.984827
1.00538
0.977872
1.02606
0.990709
0.996825
1.01598
0.998318
1.00241
0.997919
1.00155
0.995587
1.01108
1.00097
1.00947
1.00146
0.997303
0.979589
0.965864
1.00564
1.01597
0.99354
0.999946
0.995747
1.01263
1.00099
0.999911
0.992848
0.972705
0.991141
0.997632
1.00101
0.985959
1.00796
0.985573
0.997547
0.99796
0.995443
1.01073
1.00943
0.99829
1.01144
0.988745
0.989212
1.00723
1.02748
0.990941
0.996331
1.00439
0.996967
1.00317
1.01329
0.992433
0.996577
1.01922
0.994473
0.993689
0.987423
1.00762
1.01186
0.992518
0.993251
0.994668
1.0088
1.00047
0.999123
1.00113
0.998763
0.99543
1.00364
0.983792
1.01513
1.00948
1.00168
1.01895
1.00735
1.01151
1.00073
0.995691
0.981002
0.984932
1.00178
0.996047
0.983121
1.0089
0.974965
0.99679
0.99396
1.01077
1.0126
1.00754
1.00035
0.993626
1.01753
1.01563
0.999035
0.993363
0.994039
1.00834
0.982066
0.997401
1.00896
1.01145
0.991969
1.00372
1.01003
1.01205
0.986857
0.996166
1.00304
1.00444
1.0021
0.992958
1.0009
0.991031
1.00229
1.01301
0.999259
1.0006
1.0091
0.990204
0.996232
1.01989
0.990105
1.0077
1.01025
0.98646
0.993987
0.979119
0.97852
1.0275
1.00097
1.00333
0.998918
0.980988
0.99675
0.993099
0.972597
1.01101
1.01735
0.984579
1.00016
1.00283
0.988087
1.01828
0.997988
0.997513
0.996789
0.987351
1.00814
0.982303
0.988714
0.995905
0.997621
1.02768
1.00004
1.00916
0.997589
0.977426
0.996004
0.982684
0.995391
1.00482
1.00721
0.9941
1.00287
0.994013
0.981067
1.00505
1.00726
1.00947
0.995177
0.995187
0.998562
1.01874
0.989449
1.00067
1.00991
1.01083
1.01089
0.999542
0.999906
0.990776
1.0184
1.01951
1.00068
1.00343
0.994821
0.997084
0.994205
0.993848
0.997648
0.979401
1.00343
0.994066
1.0014
0.995097
1.01194
0.990435
0.993685
1.00193
1.01472
0.978427
1.01361
1.01259
1.01308
1.0012
0.998987
1.00708
0.988404
1.00716
0.990225
0.997267
1.01481
1.01359
0.987006
1.02243
1.00782
0.993551
1.01644
0.994316
0.979927
0.998951
0.991227
1.00207
1.00979
1.01026
1.01936
1.01502
1.00201
0.980748
1.01038
0.988314
0.996043
0.986113
1.01328
1.01356
1.00121
0.981868
0.990762
1.01987
1.01432
0.993385
1.00487
1.0045
1.01891
1.00346
1.00333
0.989276
1.00256
0.994494
0.990219
0.987182
1.01302
0.995948
0.973153
1.00689
0.985881
0.986972
0.996618
0.996666
0.995139
0.982416
1.0053
0.99037
0.981361
1.01333
1.00887
1.00758
1.0104
0.995456
1.01066
1.00012
0.978167
0.997507
0.987333
1.00434
1.00322
1.00655
0.992718
1.00631
0.984091
0.983306
1.01057
1.00317
1.0076
0.99585
0.993172
0.999183
1.00173
1.00885
1.00952
1.01102
1.00555
0.998129
0.987362
1.00352
1.00969
0.97972
1.0174
1.02532
1.00955
1.01098
0.992788
0.986036
1.01043
0.987121
1.00682
0.996173
1.00209
0.989262
0.974145
0.985532
1.00688
1.00843
1.00685
1.00882
0.998969
1.0021
0.996184
1.02128
1.00535
1.00808
1.00713
0.993224
1.02212
0.976158
1.01332
1.01258
0.998587
1.0038
0.996677
1.00207
1.01789
0.998372
1.0045
0.990958
0.994707
1.0123
1.00402
0.996205
1.00064
1.00265
0.992831
0.995269
1.01022
1.00875
0.975845
1.00482
0.988935
1.01062
0.998987
1.00933
0.97898
0.992461
0.998511
1.01538
0.99741
0.998991
1.00119
1.00034
0.996552
0.993182
1.00222
0.985146
0.996503
1.00487
1.00004
1.00572
0.986197
1.01641
1.01976
1.00428
1.01257
0.981183
0.994324
0.996185
0.979945
0.997923
0.99095
0.977608
0.99966
0.997982
0.980769
0.998323
1.00688
1.00986
0.994533
0.989539
1.01093
0.984541
0.998854
1.00333
1.00332
1.01799
0.989455
0.992147
0.995251
1.00753
1.00714
1.01461
0.999499
1.00069
1.0032
0.992452
1.00368
0.987223
1.00878
0.978103
0.981992
1.0062
0.978589
0.984878
0.995228
0.991754
1.00581
0.981154
0.968753
0.994248
0.994327
1.01385
1.00532
0.995623
0.996845
0.992996
0.980728
0.997791
1.00901
1.00851
0.988828
0.993895
0.985615
1.00968
1.00675
1.0104
1.02244
1.00299
0.997428
1.00253
0.994383
0.973328
1.01336
1.0103
0.994699
0.989135
0.994093
1.00347
1.00595
0.983449
1.01308
1.01606
1.00868
0.984849
0.999203
0.982642
1.01288
1.0038
1.00006
1.00912
1.00503
1.01379
0.996732
0.990159
1.00454
1.00904
0.994812
0.97922
1.01117
0.991335
0.99418
1.01092
0.992749
0.995682
0.989534
0.982754
0.982213
1.00348
1.01611
0.998248
1.00717
1.00882
0.999244
1.01646
0.992096
0.996763
0.997609
0.999125
0.99365
1.00266
0.998995
0.997541
0.989835
0.99826
0.996601
1.007
0.977605
0.998707
1.00739
1.01235
1.00095
0.979511
0.991594
1.00376
1.00001
0.995326
0.991954
1.02306
1.01621
0.991053
0.991122
1.02166
1.01486
1.00768
0.990776
0.998702
1.01355
0.998536
0.992024
1.00412
1.00912
1.01144
1.00294
0.993909
0.994643
0.995584
1.01141
1.00599
1.01085
1.00893
1.00106
1.01876
1.01078
0.995728
1.01458
1.00349
0.994194
1.0008
0.987506
0.992961
1.00985
1.003
1.00504
1.00654
1.00856
0.994473
0.987031
0.978367
0.974747
1.00105
0.993485
1.00628
1.00792
1.01496
0.99291
0.99659
1.00239
1.01341
0.993137
1.00226
0.997395
0.997872
1.01745
1.00296
0.982324
0.993146
0.996274
0.999151
0.990465
0.995346
0.994506
1.00341
1.00797
0.996319
0.991428
1.0116
0.992369
0.998446
1.00481
1.00036
1.0107
1.00121
1.01182
1.01613
0.994998
1.00109
0.994764
1.02757
1.01706
1.01129
1.01468
1.00348
0.998308
1.00901
1.01168
0.971824
0.995584
0.996412
0.999643
1.00586
0.978468
1.01044
0.988996
0.991272
1.00201
0.998142
0.979035
1.00983
0.99768
1.01271
1.01986
0.990887
0.998929
0.986653
1.00383
0.98287
0.989466
1.01564
1.0188
1.01454
1.00093
0.99663
0.991861
0.975938
0.998711
1.02584
0.988019
1.01092
0.998524
1.01636
0.980696
1.00605
1.00252
0.993776
1.00435
1.02291
0.98887
0.99308
1.00762
0.999755
1.01586
1.00004
1.00111
0.991996
0.977578
1.01703
1.00614
0.999698
0.998669
1.01733
1.02115
0.997243
0.998225
1.00009
0.995331
1.00406
1.02583
0.998313
1.00523
1.0099
0.996969
1.01808
1.01147
1.00033
0.983006
1.00336
0.989115
0.996249
1.00597
0.9854
1.01239
1.00179
1.00046
0.992795
1.01886
1.00878
1.00808
1.01599
0.987471
0.977163
0.98595
0.988768
1.0131
0.991411
0.98618
1.01376
1.01092
1.01938
0.998989
0.984288
1.00793
0.997682
0.998707
1.01841
1.02739
1.00833
1.02036
0.990214
0.992575
1.00548
0.992828
0.968301
0.992239
0.996645
0.99772
0.998042
1.00167
0.993159
0.995197
1.0075
1.00631
1.00771
1.0149
1.01739
0.992436
0.992202
1.01898
1.00376
0.999216
0.998426
0.991527
1.00613
1.00424
0.998185
1.00277
0.999571
1.001
1.00301
0.999991
0.97778
0.982458
0.992412
1.0096
0.992112
1.00932
0.995172
1.0225
1.00768
1.01086
0.981998
0.988317
1.01081
1.0114
1.01182
1.00551
1.02368
0.995582
0.980379
0.997861
0.981723
0.995411
1.01685
0.996375
0.996015
0.988701
0.964398
1.01266
0.99251
0.992146
0.993909
0.992929
0.987228
1.00797
1.01915
0.988292
1.02577
0.997455
0.989687
0.980204
0.992333
0.982127
0.9949
0.981257
0.996539
0.97668
1.00553
0.998301
0.988999
1.0202
0.993749
1.00466
1.01436
1.00267
0.999107
1.00697
0.984098
0.999074
0.980995
1.01287
1.0011
0.998902
1.00405
1.0058
0.987672
1.00083
0.993608
1.01633
0.970815
0.99191
0.996803
0.995119
0.999938
0.986196
0.99721
0.998954
0.991496
1.00146
1.00608
1.00225
1.00242
0.996746
0.984285
1.0014
0.996919
1.01138
1.00967
0.983315
0.981427
1.01722
1.00617
0.990642
0.999274
1.01223
0.995162
1.00256
0.992026
0.997112
0.982053
1.00623
0.999088
0.993984
1.00292
1.00267
1.00645
1.00589
1.02095
0.984644
1.00381
1.01189
0.998272
1.00231
0.987071
1.00252
1.01229
0.989651
0.999246
0.993836
1.01132
0.990347
0.996908
1.00598
1.004
0.982974
1.00444
1.00186
0.981685
0.997667
1.01541
0.996846
1.00632
0.981649
0.996307
1.01471
0.990153
1.02102
1.00683
0.994398
1.01515
1.00576
0.994707
1.00645
0.995346
1.00575
1.00759
0.993051
0.991793
0.998955
0.997102
1.03043
0.998989
0.992439
1.00185
1.01063
0.989784
1.00485
0.998278
1.01969
0.997235
0.988963
0.997896
1.00125
0.999026
1.01178
1.00542
0.996473
0.999032
1.00778
0.967921
1.00056
0.994658
0.981617
0.996021
0.979342
0.993461
0.985871
0.995712
0.999334
1.01527
1.02079
0.988809
0.990053
0.981841
1.00025
1.00908
0.9805
1.00461
0.976641
1.00804
0.994722
1.01791
0.985392
0.999399
1.02136
0.98447
1.00836
1.00443
1.00676
0.99578
1.00159
1.0197
1.01798
0.992106
0.980535
0.999703
1.00836
1.00772
0.998281
0.99823
0.99309
1.01126
0.995454
1.01127
0.987199
1.00027
1.00328
0.995422
0.991349
0.99349
1.00786
0.994187
0.992296
0.988139
0.994485
1.00047
0.99907
0.989617
0.997768
1.00429
0.992915
1.00293
1.00843
1.0023
1.01004
0.99723
0.987875
1.00078
0.992208
1.00203
0.970973
0.996982
0.992574
0.99926
1.01712
1.00448
0.997945
1.01675
1.00327
0.997726
0.993795
1.00393
1.00495
1.01061
1.00777
1.00573
1.00026
0.998934
1.00198
1.03074
0.993793
0.972476
1.0049
0.983123
1.00454
0.987366
0.997873
0.999368
0.999088
1.0004
0.998703
0.993636
0.996259
0.996756
1.00911
1.00594
1.0081
0.999921
0.990064
0.997529
1.01596
1.01613
1.01249
1.00179
1.00255
0.98652
0.992191
1.00145
0.997883
0.989156
1.03362
1.01122
1.0071
0.975328
1.00728
1.00158
1.00446
1.01294
0.993287
0.99287
0.984363
1.00737
1.01471
1.00253
1.00702
1.00146
0.993543
0.99365
1.00139
1.01603
0.998051
1.01098
0.982769
1.0173
1.01303
0.987395
1.01435
0.997366
0.98552
1.01563
0.977442
0.996719
0.995976
1.00941
0.98984
1.00858
1.00035
0.987565
0.992585
0.993745
0.995127
1.01167
1.01041
1.00185
1.00118
0.997448
0.998393
0.995183
1.00302
1.01652
1.00333
0.981903
0.989314
1.01656
1.0051
0.992425
1.01565
1.00252
0.99767
1.0045
1.0086
1.01687
1.00421
1.00215
0.988988
1.00213
1.00687
0.988381
0.993027
1.00502
1.00246
0.992889
0.988476
1.02193
1.00581
1.00306
1.00286
0.989454
0.992146
0.994487
1.00859
0.992263
1.00177
0.985452
0.992022
1.00026
1.01605
1.01983
0.981858
0.993649
0.993616
0.994728
0.996925
0.99735
0.985612
1.01282
1.00035
0.977953
0.995456
0.99551
1.00083
0.98313
1.00165
0.983669
0.981448
0.992688
1.00002
0.980966
1.01343
1.02417
1.00446
0.995546
0.98403
1.00447
0.999327
0.993672
0.988792
1.00371
0.990927
0.978309
1.00869
0.998252
0.9942
1.00423
0.988824
0.997678
1.02252
1.00452
1.00007
1.00641
1.00957
0.996102
1.00116
1.00733
1.00077
0.983301
1.01425
0.995425
0.991888
1.00185
1.00073
0.991674
0.998876
1.00803
1.00876
0.983996
1.00977
1.00359
1.00537
1.00957
0.988828
0.985657
0.998018
0.987897
1.02309
0.988772
0.976829
0.996677
1.01341
0.985801
1.00478
0.998905
1.01471
0.981957
0.985418
0.995995
0.999671
1.01494
1.00822
1.01224
1.00299
1.00167
0.995317
1.01349
1.00202
1.01399
0.997121
1.00353
1.00157
0.985218
0.986601
0.995106
0.997789
0.99393
0.983184
1.03561
1.00774
1.01339
0.995008
1.01759
1.0017
1.01073
0.978184
1.01153
1.00776
1.01098
0.987407
0.999534
0.995578
1.00471
1.02008
0.989622
0.987553
0.990762
1.00593
0.971611
1.00875
1.00862
0.992364
1.00368
1.00452
0.99293
0.99179
1.00078
0.998624
1.03177
1.0146
0.998609
1.00307
1.02556
1.00358
0.97507
1.0003
1.01759
1.00358
1.00099
0.984111
1.00655
0.998119
0.993252
0.994663
0.998376
1.00067
0.990654
1.00197
1.00327
1.0068
0.988392
1.0116
0.982064
0.990665
1.00348
1.00714
0.998498
0.99841
1.00639
0.985069
1.0096
0.989948
1.00314
1.00947
1.01077
0.98171
0.989036
0.990971
1.01634
0.985869
1.00041
1.00017
1.01553
1.0136
1.00392
1.0024
0.994328
1.0008
1.01706
0.99923
1.00463
1.00835
0.988084
0.992622
1.01057
1.0033
1.01139
1.0256
1.00646
0.993433
1.00537
0.974968
0.990037
1.01084
1.00907
0.990884
0.986958
0.997989
0.960699
1.01635
0.997846
1.00882
0.984817
0.99573
0.989524
1.01776
1.0085
1.02182
0.986586
0.987704
0.993937
0.990545
0.987273
0.991836
0.989546
0.994149
0.976972
0.983986
1.00937
0.985289
0.995104
1.01006
1.00283
0.99103
1.00453
0.998833
1.00998
1.00533
0.981826
1.00026
1.02184
1.01617
0.985589
1.01106
1.0046
0.995583
0.98638
0.999028
1.01532
1.0148
1.01504
1.01692
1.00333
0.993812
1.01323
0.987588
0.993323
1.01615
1.00489
0.992498
0.984123
1.02624
0.988613
0.983098
1.00414
0.976657
1.01521
1.00007
1.00606
1.00272
0.994915
0.988224
0.981953
0.995775
0.986946
1.00765
1.01193
0.99175
1.00101
0.990026
0.97653
1.0015
1.00262
1.00172
0.982355
1.02149
0.994562
0.989856
1.01736
0.995553
1.01628
0.996808
1.00133
1.00079
0.997056
0.997183
1.0061
0.981558
0.984506
0.995827
1.00135
1.00672
1.00237
1.00679
0.970151
0.999765
0.998478
1.00109
1.0103
0.997083
1.01012
0.996638
1.00208
1.00176
1.01319
1.01168
0.975189
0.97919
0.998076
0.979651
1.00406
0.990775
1.00561
0.990757
0.988535
0.994439
1.01615
0.993983
0.995187
1.01357
0.975195
1.00768
1.01706
1.03331
1.00801
0.996233
0.99849
1.00693
1.00538
0.99612
0.990558
0.9962
0.994652
0.996326
1.02239
0.993719
0.992708
0.989309
1.00611
0.989462
0.993537
0.99816
0.981208
1.00889
0.999002
0.994571
1.00929
0.99665
1.00286
0.981934
1.00155
1.0027
0.984877
1.00142
0.998093
0.995042
1.00575
1.00033
0.985666
0.999577
0.989619
0.990245
1.00167
0.993872
1.01717
1.01682
0.995006
0.974826
1.00628
0.975506
1.00883
1.00378
1.01494
0.988181
0.976699
1.00993
1.00212
0.988442
0.991047
1.02123
0.978871
1.00532
0.991165
1.00071
1.01018
0.992905
0.987659
0.988424
1.00569
1.01042
1.00254
0.976258
0.981368
0.991824
1.02486
1.0098
0.998955
0.997626
0.983013
1.00591
1.00515
0.983594
0.986822
0.989852
1.0019
1.01464
0.986409
0.991079
1.00636
0.991413
0.989602
0.999571
0.999994
0.995764
0.986241
0.992995
1.01518
1.02053
0.997783
0.985991
0.997203
1.01213
0.979831
0.996184
1.01341
0.97766
1.01765
0.978355
0.99761
0.983355
1.00947
1.00247
0.980326
1.00169
1.0119
0.995035
1.01954
1.00846
1.00311
1.00435
1.01508
1.02087
0.991505
1.01078
1.00394
1.00766
1.00923
0.99194
0.998785
1.02012
1.00093
0.99029
1.00434
1.00008
0.992139
0.984183
1.00272
1.0008
1.00964
0.990433
1.02092
0.975576
0.991351
0.99805
1.01801
0.980874
1.00447
1.00663
1.01294
1.00838
1.00346
0.991899
1.03432
1.00913
0.999643
1.00084
0.995599
1.01413
0.993924
1.0099
1.00847
0.988176
0.985751
0.995283
0.999875
1.00444
1.00453
0.985278
0.995
0.994219
0.980083
0.979996
0.98138
1.00447
1.0056
0.98491
0.985818
0.998945
1.00612
0.98738
0.98289
1.01477
1.00022
1.00256
1.00288
0.986642
1.0062
0.994762
1.00179
1.01127
0.983314
1.00182
1.00572
0.990937
1.00154
0.998088
1.00832
1.00469
0.988524
0.980408
1.00335
0.983255
1.00447
0.998891
0.996567
1.00799
1.00598
0.995154
1.00512
0.994248
1.01425
1.0011
0.992633
1.00904
0.992446
1.00247
0.993361
1.00138
1.00096
1.00241
1.00224
1.00216
0.998698
0.994389
0.983178
1.02784
1.003
0.996923
1.00039
1.02861
1.01915
0.993323
0.975894
1.01332
1.012
0.994366
0.9994
1.00229
1.01048
0.994008
0.99655
0.984578
0.998949
1.01731
0.974408
1.01476
0.990572
0.981654
1.00139
1.02227
0.997341
1.00865
1.00579
1.00563
0.978716
1.00715
0.992326
1.00347
1.0186
1.00574
1.00223
1.01533
1.00734
1.01
1.00441
1.0261
0.999637
0.992328
1.01816
1.01637
0.995832
0.996706
0.981222
1.00559
0.990701
0.987244
0.988364
1.00991
1.01264
1.0005
1.00755
1.01207
0.98382
0.999993
1.0084
1.02171
0.990011
0.996545
0.988791
1.00093
1.00233
1.00155
1.02659
1.02765
0.993669
1.00214
0.993992
1.01182
0.997401
1.0002
0.991398
1.00295
0.999877
1.01002
0.988645
0.986635
0.989031
0.995557
1.00357
0.998017
0.989414
0.990007
1.01373
0.991738
0.998923
0.99124
1.0046
0.996936
1.01153
0.983746
1.00412
0.994708
0.996048
0.997332
0.99946
1.01692
1.00539
0.96786
0.991018
0.993054
0.994198
0.983565
1.00742
0.993271
0.996346
1.00525
0.985262
1.0075
0.995316
0.999949
0.999978
1.00186
0.994788
0.993585
1.01017
0.993134
0.985171
0.988426
1.00386
0.984159
0.993451
0.998423
1.01457
1.0006
1.00425
0.993683
0.996076
0.995561
1.01761
1.0087
0.994744
1.00891
1.01148
1.00137
1.01363
0.987178
1.005
1.02728
0.989145
0.998669
1.00938
0.995604
0.984155
1.02349
0.999176
1.00324
0.991164
1.00473
0.988959
1.01528
0.997275
0.99921
1.00027
1.00724
0.993387
1.0176
0.988981
0.980542
0.995425
0.989199
1.01179
1.00937
0.997136
1.0247
1.00161
0.988501
1.00084
0.994045
0.992264
0.99353
1.00615
1.00169
1.00597
0.983433
1.00661
1.00335
0.98635
1.01861
0.987104
0.981541
0.979207
0.98375
0.981936
1.00588
0.993067
0.995787
0.99046
1.01657
1.00087
0.980975
1.01228
0.998504
0.994971
0.997107
0.993133
1.00065
0.997579
0.999996
1.00887
0.999864
0.990755
1.03103
0.992836
1.00072
1.02785
1.0004
0.977723
0.976706
1.01142
0.995405
1.00801
0.981663
0.994633
1.0155
0.989155
1.00173
1.0137
0.985705
0.975041
0.999909
0.990651
0.998912
0.998625
1.02187
1.0031
0.99198
1.00658
1.00693
0.996036
1.00126
0.980811
0.995741
0.991704
1.00713
0.989153
1.00339
0.999112
1.00899
0.996564
0.989805
1.00187
1.00065
1.01271
0.987911
1.01494
0.989627
1.00016
0.996102
0.992248
0.98367
0.978432
0.996924
0.978491
0.9973
1.0051
0.991186
1.00037
1.00089
0.998266
1.00232
1.009
0.999888
0.996455
1.01104
0.98834
1.00658
1.00699
1.01344
1.01326
1.00514
1.00692
0.980257
0.997088
0.996277
0.991446
1.01629
0.979342
1.00155
1.00994
1.00066
1.01108
1.00854
0.997704
1.00037
0.990216
1.00169
1.00211
0.992598
0.991995
0.986152
0.987209
1.01376
0.97419
0.989873
0.999906
0.999571
1.01046
0.988909
1.00361
0.989336
0.989251
1.02251
0.991419
0.992099
1.01425
0.991219
1.00808
1.01011
0.998638
0.990296
1.00582
0.987727
0.984502
1.02632
1.00147
0.987087
0.987706
0.999722
1.0155
0.996094
0.993139
0.998223
1.01355
0.993722
1.00362
1.00959
0.997458
1.00563
0.991929
0.993191
0.994177
1.00059
1.00434
1.00376
0.995424
0.98743
1.02279
0.989683
0.998414
1.00998
0.981905
1.00251
1.02002
1.01335
0.984229
0.995702
0.99509
0.980836
0.995829
1.00251
1.01751
0.996128
0.98908
0.989134
1.00683
0.991909
1.00143
1.0035
1.00132
1.01066
1.01312
0.992671
0.993896
0.976529
0.982921
1.00985
0.997133
1.00918
0.992324
0.998036
1.01006
1.02536
1.00147
0.989518
0.994115
0.988115
0.983138
0.997303
0.99497
0.989402
1.00475
0.975
1.00464
0.999589
1.00763
1.01294
0.994191
0.991776
0.991282
1.02081
1.00848
1.01915
1.03142
0.993575
1.01851
0.998805
0.99809
0.993958
1.00013
0.986723
0.999709
1.00295
1.00585
0.985377
1.01101
1.0063
1.00179
1.01438
0.985093
0.9943
0.996181
1.00233
0.987572
0.985076
0.99157
1.00312
0.996275
1.00084
1.01944
1.00255
1.01193
1.00833
1.00601
0.994976
1.01424
1.01299
1.00447
0.991531
0.991177
1.01172
0.992008
1.00128
1.0075
0.992774
1.00417
1.01016
1.00904
0.969801
1.00224
1.00058
1.00332
1.01169
1.00411
0.996074
1.00141
1.00303
1.00832
1.00451
1.01298
1.00685
0.99334
0.981221
0.992747
1.01603
0.997266
1.00885
1.01496
0.996332
0.997719
0.99569
0.998342
1.00933
0.996331
0.997521
1.0072
1.00147
1.00793
0.995183
0.998706
1.01693
1.0014
1.0043
0.997468
1.01069
1.00142
1.00875
1.00228
0.996746
0.99329
1.01417
0.992151
1.00683
0.997783
1.02087
0.986241
1.01626
1.01966
0.987087
0.992761
1.00239
0.989236
0.982926
0.995729
1.00384
1.01069
0.995245
0.999182
1.00427
1.01349
0.997667
1.0189
1.00771
0.986126
0.983805
1.01431
0.983215
0.978433
1.00802
1.00689
1.00201
0.986157
0.99735
1.02355
1.0052
0.993304
1.00298
1.02639
0.999579
0.997596
1.00272
0.98901
1.00047
1.00046
1.00254
0.980836
1.00835
1.00883
0.99871
1.0006
1.00402
1.01634
0.994708
1.0031
0.995449
1.01719
0.994787
1.00924
1.008
0.993304
0.996413
1.00488
0.991388
0.995773
1.00165
0.989413
0.997957
0.998566
0.993092
0.987708
0.979503
0.996137
1.00597
1.00052
1.02577
0.992141
0.992156
0.993564
1.00585
0.99881
0.998206
1.01168
0.989894
0.997919
1.02103
0.99689
0.990248
0.986928
0.994036
1.00337
0.998455
0.989112
1.004
1.00548
0.990372
1.00219
1.02194
1.01219
1.0015
0.986687
0.980272
0.998366
0.988038
1.01179
0.98387
1.00463
0.998156
1.00595
1.01374
0.992667
0.985655
1.01607
0.991555
0.972306
0.998727
0.991864
1.006
1.00311
0.996563
1.01546
0.98929
1.01832
1.01686
1.00299
0.991639
0.99667
1.00669
0.984791
1.00341
0.987848
1.00911
0.989368
1.01351
1.00686
0.999169
1.00468
0.982778
0.989041
1.0078
0.999949
0.999684
0.99894
1.00322
1.01439
1.0047
0.99418
1.00315
0.981481
1.00145
0.997869
1.00283
0.987257
0.985551
1.00146
0.996664
1.02111
1.00516
0.992539
0.985317
0.988769
1.02642
0.992565
1.0014
0.977602
1.01414
1.011
0.998562
0.978278
1.01147
1.00627
0.977078
0.996114
0.98787
1.0152
1.01237
1.02426
1.01232
0.991503
0.998707
1.00953
0.996807
0.991121
0.984512
0.99497
1.02346
1.00483
0.987634
1.02119
1.0127
1.00532
0.981511
0.988324
0.990169
0.989484
0.980528
1.01295
0.994887
1.00998
0.99282
0.98484
0.989246
0.998677
0.998131
1.00862
0.999372
0.998
1.00605
0.989866
1.00768
0.98432
1.01633
1.01222
0.997733
1.02597
1.0123
0.993691
1.01566
0.971947
1.00318
0.978555
1.01445
1.00985
1.01161
0.999959
1.00714
0.993211
1.00149
0.994436
0.993155
1.0287
1.01373
0.999284
1.00815
1.0092
0.995399
0.993647
0.997297
1.00248
1.01349
0.983946
0.984304
1.00456
1.00534
1.01439
1.01215
1.00378
1.00967
1.0116
0.983688
0.999748
0.983105
0.992548
1.00552
1.00549
1.0099
0.989602
0.998902
0.99874
0.995143
1.01499
0.973992
1.002
0.996744
0.996704
1.0216
0.982986
1.01683
0.985199
1.01677
0.999335
1.00167
1.01643
1.00335
0.979264
1.0057
1.01068
1.02069
0.978372
1.00558
1.00232
1.02306
0.988462
1.00921
1.00104
0.994485
1.00911
1.00823
0.991609
1.00281
0.998797
1.00904
0.993816
1.00315
0.992762
0.979465
0.994818
1.00223
0.988958
1.00505
1.00405
1.00719
0.987259
1.0061
0.987366
0.992785
1.01257
0.99327
0.985398
1.00637
1.00072
0.986679
1.0058
1.01259
0.996284
0.997484
1.00757
1.02859
0.98215
1.00252
0.990208
1.0232
1.02032
1.0117
1.01515
0.994783
1.01278
0.982061
1.00546
1.0002
1.00099
0.988735
0.99423
0.993728
1.00137
1.01012
0.984714
1.01327
1.0015
1.0121
0.990585
0.978352
1.00093
1.00421
1.01505
1.00404
0.996543
1.01649
1.01529
1.01192
1.01136
1.00229
0.990598
0.985281
1.02036
0.997109
1.00147
0.998085
1.00492
0.985488
0.999309
1.00605
0.982765
0.967468
0.986739
1.00214
0.989787
1.01121
1.0012
0.990176
0.995598
0.998569
1.00346
0.99725
0.991623
1.00786
1.00553
0.996627
0.990568
1.00054
0.990607
0.994839
1.00608
0.988169
0.995953
1.00402
1.00691
1.01534
0.985595
1.00502
1.00634
0.974569
1.00257
1.00076
0.976292
0.99037
1.02029
1.00149
1.01184
1.0098
1.00242
0.985111
0.992519
1.0302
0.991493
1.015
1.01252
1.00063
1.01044
1.01081
1.01109
0.989635
0.986687
0.999707
0.997776
0.985962
0.999538
0.996003
1.01577
1.00385
1.00985
1.00974
0.984842
1.02506
0.999546
1.01241
1.00549
1.01115
0.966366
1.00505
1.00074
0.997304
1.01231
1.00622
1.00654
1.00061
0.989698
0.981808
1.00144
0.975818
1.0086
1.0173
0.994132
1.00293
1.0046
1.00618
0.99355
0.993622
0.990113
0.990427
0.994888
1.0008
0.995601
0.996601
0.990561
0.99966
0.994861
1.00983
1.00215
1.01876
0.994488
1.0237
1.00527
1.00992
0.997871
0.991107
1.01112
0.985698
1.01578
1.00816
0.989733
1.00591
0.999885
0.999025
0.994387
1.02644
1.02243
0.99263
0.989063
1.0068
0.976337
1.00364
1.00849
0.982825
1.0016
0.986054
1.01251
0.990736
1.00144
1.00916
1.00454
1.01319
1.00691
1.00591
1.00193
0.996246
0.987455
0.983056
0.999159
1.00362
1.00516
0.995937
1.00012
0.996049
0.994545
0.985156
1.00555
1.02536
0.992977
0.995672
1.00742
1.01455
0.9943
0.988994
0.990868
1.00035
0.998438
0.984332
1.04214
0.994061
1.01318
0.972606
0.991649
0.996982
1.01016
0.993689
1.00464
0.997264
1.0138
1.00986
0.999705
0.995692
0.997452
1.00592
1.00343
1.01273
0.996256
0.991185
0.978604
0.998512
0.984571
0.991674
1.0066
1.00683
1.01746
0.977336
0.994789
0.984521
0.985939
1.01068
1.01409
1.00971
0.994731
0.984584
0.998883
0.986914
1.00235
0.99805
0.9883
1.00827
0.992503
1.00256
1.00851
0.988747
0.975634
1.00868
1.00871
0.998046
1.00872
0.994104
0.995328
0.992428
1.01559
0.98707
1.01435
0.992686
0.986009
1.00414
1.00713
1.00742
1.0091
0.999242
0.983343
1.00518
0.987574
1.01276
0.990418
1.01095
0.996647
0.998058
0.989294
1.00675
0.987966
0.99186
0.997342
1.00521
0.99526
0.993123
1.00543
1.01332
1.02038
1.01316
0.991573
0.98701
1.00135
1.00614
1.0002
0.999928
1.00357
0.996461
0.998801
1.00228
1.01029
0.993819
1.00483
0.992356
1.00349
0.985585
0.999928
1.01637
1.00365
1.02075
1.00431
1.01465
1.01062
1.00668
0.987916
0.993948
0.973822
0.984863
0.994894
0.990518
0.988105
0.996526
0.993032
1.00015
0.992784
1.00894
1.0096
1.0129
0.988504
1.00524
0.990697
0.998137
0.993079
1.0235
1.01305
0.992722
0.996228
0.99893
0.988217
0.999717
1.01012
0.995075
0.997732
0.990174
1.00895
0.987961
1.00235
1.01217
0.98578
0.988701
1.02603
1.02319
1.00697
0.991152
0.98283
0.995974
0.997909
1.00254
1.00589
1.0043
1.00127
1.00877
1.01349
1.01474
0.996766
1.00755
0.998924
1.00935
1.0007
1.00825
0.990585
1.00364
0.987344
0.998857
0.988781
0.999222
1.00977
0.991644
1.00462
1.01504
1.0073
0.999302
0.994704
1.00569
0.972814
0.979133
0.997534
1.0066
0.994368
1.01645
1.00853
1.0008
1.02198
1.00479
1.00768
1.00016
0.997311
0.983041
0.98808
1.00659
1.01186
1.01453
0.994915
1.00751
1.00815
1.00979
0.991833
1.00362
0.998245
1.00045
1.00945
0.995022
1.00589
0.990562
1.00202
0.998637
0.998466
1.00226
0.998104
1.01693
1.01797
1.00928
0.995597
1.00421
1.0125
0.99304
1.0132
1.00676
1.01412
1.00036
1.01958
0.996923
1.00613
0.985237
0.994459
0.994238
0.987096
0.976858
1.00317
0.997024
1.00558
1.003
1.01353
0.995749
0.997819
1.00248
1.00162
1.00292
1.01181
0.995156
0.991396
0.980853
1.01201
1.00937
0.986192
0.986231
0.997074
0.994619
0.979283
1.0008
0.98921
0.983381
0.972558
1.00858
1.00694
1.01151
1.00316
0.991779
1.00531
1.00839
0.999351
1.00627
1.0173
1.01036
0.984361
1.01233
0.997716
0.999011
0.986656
1.00751
1.00592
1.01981
0.997224
1.00519
1.00162
1.00869
1.00557
0.998676
0.99377
0.994543
0.986973
0.99298
0.994907
0.995468
0.995578
1.00183
0.999141
1.0234
1.01225
0.988348
0.993411
1.01258
1.011
0.997249
0.992245
0.976609
0.991137
1.01466
0.984322
0.998267
0.995773
0.992793
0.99187
1.00246
1.01221
1.025
1.00206
1.00768
0.987685
0.994532
1.00941
0.983806
1.00218
0.979964
1.00392
1.00743
0.979681
0.979116
1.00814
0.978654
1.0172
1.00159
0.988018
0.981599
0.990527
1.02339
0.989818
0.990666
0.98212
1.01313
1.0046
0.983398
1.0006
0.976058
1.00975
1.00324
1.0038
0.995572
1.0208
1.00804
0.999861
0.994593
0.997247
1.00655
1.01065
1.01661
0.998704
0.999683
1.00661
1.01122
0.997721
1.00128
0.994327
0.998805
1.00472
1.01394
0.981
1.00723
0.98733
0.997309
0.994416
0.983856
1.00622
1.01294
1.01523
0.994595
1.00157
0.999606
1.02107
0.986875
1.01404
0.997696
1.01484
0.984561
1.01087
0.998452
0.994692
1.01044
0.996874
0.990176
1.01186
0.994527
0.981317
0.99248
0.99899
1.01414
0.97126
0.986457
0.987486
0.996226
0.974791
1.0019
1.00011
1.00856
0.982814
0.995473
1.01638
1.0071
1.00629
0.980706
1.00047
1.00948
0.991635
0.993583
0.990196
0.983042
1.00425
0.981191
1.01365
0.969112
1.01888
0.985349
0.997728
0.997114
1.00575
1.00937
0.991441
1.01064
1.01075
1.01041
0.98845
1.01109
0.988574
1.00923
1.00191
1.00053
0.996628
1.00362
0.980758
0.98832
0.995808
0.984395
1.01032
0.997487
1.00823
1.02119
0.989586
0.999479
0.999968
0.998375
0.998941
1.00565
1.00554
1.01652
0.99233
0.998893
1.00532
1.02167
1.00288
1.01813
0.990943
1.01572
1.0188
1.00857
0.99908
0.987348
0.988312
1.01493
1.00725
0.993536
1.00271
1.01114
1.00165
0.999684
0.995472
1.00105
1.00052
0.970808
0.986215
1.01105
0.99301
0.992259
0.987121
1.00358
1.0235
1.01048
1.00172
1.00612
1.00376
1.00874
1.0042
1.00614
1.00057
0.973255
0.998479
1.0044
1.01031
0.987239
1.00437
0.996568
0.988988
1.00234
1.00685
1.00897
1.00952
0.987839
0.997589
0.985549
1.02429
0.983397
0.993104
1.00697
0.992278
1.00204
1.00603
0.976906
0.979192
1.01197
0.999139
0.984148
1.00155
0.979992
0.997623
0.999052
1.01857
0.982175
0.995039
0.988342
0.989763
0.993039
0.995497
0.985892
0.999635
0.992808
1.01021
0.990259
1.00179
0.992795
1.02144
1.00547
0.992212
0.987876
0.988608
0.990073
0.989529
0.996105
1.01603
1.01528
0.995569
0.998751
0.995981
1.00014
1.00029
0.983072
1.00068
0.983272
1.00325
1.01057
0.995738
0.993831
0.999809
0.99762
1.00964
0.988372
1.0145
0.991237
0.987692
0.992455
0.988574
0.995848
0.99252
1.00983
0.999943
1.0026
0.9998
0.97729
1.00539
1.01861
0.981945
0.99339
1.01905
1.00665
0.989619
0.998016
0.989084
0.985583
1.0124
0.982942
0.999047
1.01745
1.01754
0.982953
1.01181
1.00433
0.994653
1.00715
1.00296
1.01019
0.988396
0.987476
0.988751
0.997084
0.985772
0.997224
0.99375
1.0088
0.993956
1.00139
1.01623
0.994015
1.01423
0.993196
1.02573
0.990719
0.992126
1.01077
1.00405
1.00941
0.993313
1.01167
1.01516
0.991204
1.00858
1.00374
1.00625
0.980357
0.992513
0.997069
0.999169
1.00942
0.988782
1.02034
0.995412
1.00997
1.00231
0.999781
1.00021
0.985241
1.00314
1.01925
0.997183
1.00244
1.00768
0.997954
1.00798
1.00131
0.992697
1.00106
1.00799
1.00545
1.01854
1.00492
0.992121
1.01201
1.009
1.00596
1.01205
1.00577
0.996417
1.009
0.990325
1.00022
0.99534
1.01717
0.990829
0.992354
1.00574
1.0071
1.00215
0.991964
0.991403
0.993211
1.02471
0.99944
0.99424
0.985862
0.986111
0.988094
0.991972
1.01407
0.998452
1.00536
0.999098
1.00514
1.02093
0.988015
0.983472
1.00646
0.984036
0.987907
1.00401
0.988643
0.993475
1.01428
0.998435
1.00577
1.00876
1.00724
1.01314
0.996797
0.992355
0.986966
0.995109
1.00549
1.03098
0.993881
1.00361
0.984
1.00928
0.985297
0.999291
0.982572
1.00618
1.00845
1.00874
1.01142
0.985056
1.0051
0.985755
1.0011
0.992365
0.998788
1.01102
0.997891
0.989057
1.00769
1.00248
0.983664
0.998035
0.989435
0.986886
0.982943
0.993146
0.996663
0.984242
1.01339
1.0032
0.986945
1.00203
0.994525
1.00347
0.982922
0.98772
0.995264
0.983675
0.99548
1.00507
0.985416
1.00527
0.991138
0.985943
0.997294
1.00094
1.01642
1.01214
1.00289
1.00507
0.996292
0.976124
0.989044
1.0132
1.01655
1.01586
1.01142
1.02202
0.991988
0.987663
1.00462
1.00518
1.0049
1.00755
0.986594
1.00224
0.989747
0.978652
0.998817
1.00536
0.98973
1.01052
0.974523
1.01045
0.99655
1.00547
0.98193
1.01941
0.987772
1.01573
0.993667
0.998124
1.00829
0.993648
0.98927
0.98275
1.01206
1.00334
0.991321
1.02052
0.985645
0.995136
1.00793
0.984843
0.990974
0.997285
1.01147
0.998005
1.00238
0.97459
1.00544
1.00944
1
1.00022
0.996855
1.00254
1.00001
1.00196
1.00395
1.00034
1.00481
1.01115
1.01262
1.00467
0.995248
0.986589
1.00105
1.01717
1.00732
1.00662
0.987507
0.992097
0.990817
1.01846
1.01912
0.994001
1.01267
0.99196
0.995053
0.990085
1.00162
1.00697
0.972873
0.980162
0.988646
0.985309
0.992079
0.99132
1.00082
1.00818
1.01679
1.01469
1.00631
0.997319
1.01079
1.01842
1.00602
0.989268
0.989697
0.993998
1.00667
0.99268
1.00028
0.999634
1.02562
0.998519
0.986428
0.988688
0.983424
0.99586
0.994804
0.990473
1.0002
1.03448
0.990179
1.0098
0.98241
0.993851
0.982796
0.99552
1.01771
0.991873
1.01886
0.993228
0.991201
1.00696
0.999828
1.00641
1.00311
0.975478
1.00138
0.99328
1.01035
1.00168
1.01825
0.99269
1.02134
0.99658
1.00302
1.01067
0.996246
1.00931
0.991969
0.994646
1.00486
0.99924
1.00282
1.01501
0.992928
0.979294
1.00033
0.999918
1.00009
1.00235
0.990855
0.995444
0.98925
1.02487
0.99101
1.00349
1.00457
0.989709
0.998677
0.990035
1.00756
1.01576
0.98317
1.01536
1.0071
0.996059
1.02551
1.01052
1.00068
1.00498
1.01353
0.997759
1.0034
1.00627
1.00468
0.983886
1.01138
1.02237
0.988006
1.00296
0.990369
1.01507
0.99781
0.990589
1.008
1.00876
0.995032
1.01352
0.998204
1.01742
1.00602
0.987777
0.99769
1.00995
1.02108
0.999812
1.0096
1.00248
1.00266
0.990958
1.00393
1.01206
0.99015
0.982746
0.98407
0.992764
1.02206
0.997371
1.00538
0.976855
0.985663
0.996287
0.98364
1.0102
0.988934
0.992558
0.988475
0.991031
1.01171
1.00358
1.01494
1.00527
1.0173
1.00577
1.00827
1.00583
1.00416
1.00313
0.992729
1.00746
0.989334
1.01424
0.992652
1.00354
0.998035
0.995689
1.00436
1.00009
0.984053
0.992241
1.00643
0.996955
0.989523
0.994291
0.983958
1.00567
1.00583
1.01548
1.00931
1.01703
0.988662
0.983167
1.00497
0.999615
1.00816
1.01852
0.981672
1.00328
0.985391
1.00189
0.987388
1.00409
1.00254
0.99809
0.966021
1.00833
0.999372
1.01649
1.00756
0.993027
0.988123
1.00687
0.997912
1.02903
1.00084
1.00689
1.015
1.00697
1.00018
0.983612
0.991229
1.01162
0.991591
1.01862
1.01006
0.989422
0.985968
0.990292
1.00811
1.01315
1.00678
1.01549
1.02422
1.00001
0.991046
1.01378
0.987223
1.00693
0.985751
0.997304
0.996521
0.993776
0.990763
1.00365
0.99604
1.01161
1.00318
0.99218
1.00066
0.994822
0.999185
1.007
0.990173
1.00096
1.02678
1.006
1.01011
0.998039
0.99821
0.993713
1.00881
0.983198
1.00967
0.978239
1.01036
1.01901
0.998246
0.997603
1.01709
0.989075
1.00326
1.00721
1.00377
0.993304
1.01022
0.988104
0.975223
1.00916
0.991275
1.00753
1.00099
0.980064
0.999294
0.987604
0.999774
0.990567
0.993058
0.989412
0.98432
0.997084
0.98691
0.986713
0.992349
0.995687
0.992866
0.997262
0.986639
0.991272
0.991231
0.994857
1.01644
0.993148
1.02194
0.991723
1.00418
0.995972
1.00803
1.00259
1.00916
0.991197
1.00946
1.00139
1.0125
1.0022
0.988993
0.99118
1.00236
0.979877
1.01105
0.997908
0.99396
0.996036
0.998797
0.99378
1.02067
1.01994
1.01648
0.997948
0.987927
0.990969
0.999272
1.01173
0.980463
0.995974
1.02042
1.00009
1.00411
0.988591
0.992013
0.991428
1.00715
0.997734
1.00045
1.00561
0.990428
1.01138
0.992327
0.997075
0.998875
0.98866
0.995327
0.998498
1.0031
0.987138
0.987471
0.990734
1.0055
0.980027
0.980923
0.994016
0.991437
1.0023
1.0142
0.989988
0.995786
1.01131
1.00098
0.994359
0.992139
1.00377
0.971956
1.02401
1.00154
0.991022
0.986418
1.01158
0.983706
1.01554
1.01971
0.997455
0.995098
0.975847
0.998984
1.00549
0.9981
1.01066
1.00336
0.989654
0.990483
0.992685
1.00257
0.992175
1.00749
0.995282
1.00158
0.986091
1.01364
0.975961
1.00341
0.98964
1.00771
0.990748
1.00942
0.98536
0.998381
0.98632
0.994131
1.00007
1.0085
0.998799
1.00798
0.998673
1.01138
1.0035
0.996971
0.993814
0.994762
0.999614
0.999903
0.99699
1.00304
1.00204
0.992142
1.00953
1.00325
0.998812
0.979123
0.976329
1.01626
0.996794
1.00764
0.994109
0.984818
0.991287
1.01409
1.0199
1.00211
0.995265
1.0222
0.990234
1.00654
0.999461
0.996457
1.00452
0.998975
1.00866
0.99468
0.987987
1.01576
1.00086
0.999468
0.98497
0.986282
0.988555
0.997951
1.00518
0.971431
1.00636
1.00753
0.991586
1.00228
0.998063
0.991297
1.00527
0.979886
1.01013
1.00201
0.990278
1.00868
1.01677
1.00917
0.998956
0.993964
1.00371
1.00127
0.98709
0.992854
1.01874
0.996554
0.994767
1.00031
1.0215
0.998327
1.01753
0.996723
0.978605
0.987912
1.01275
0.992899
0.989749
0.985991
1.00093
1.01228
1.00199
0.987676
0.9922
0.989338
1.02135
1.02277
1.00176
0.999834
1.00795
0.99852
0.994036
0.986443
1.00516
0.980306
1.00847
0.986468
0.998577
0.992715
1.00526
1.0142
0.999399
1.00335
1.00466
1.0114
0.99994
0.996407
0.997262
1.00618
1.00209
1.01726
0.99893
1.00441
1.01658
1.01631
1.0125
1.00096
1.00414
1.02604
1.00414
0.985386
1.0072
1.00498
1.00407
1.00165
0.998594
1.00302
0.991059
1.00452
1.00961
1.01612
1.01421
1.00742
1.00164
0.992822
0.994993
0.981472
1.00223
1.00385
0.997195
1.00566
0.992899
1.00596
0.987555
1.00381
1.00235
0.996969
1.00316
0.992264
1.00552
0.997795
0.994034
0.98881
0.995282
1.02964
0.987944
1.00655
1.01497
1.01682
1.0138
1.01077
1.0065
1.00488
1.00682
0.996902
1.00006
0.998124
1.00116
0.994725
0.995548
1.00564
0.99052
0.999079
0.987028
0.995413
0.990528
1.00235
0.984731
1.00602
0.998838
1.00889
1.01376
1.0211
1.01494
0.982426
0.988563
1.00648
0.991556
1.00047
1.02306
0.994604
1.00642
0.997982
0.997349
0.99716
0.990357
0.996064
1.01687
1.02238
0.990922
1.00191
0.981546
1.00787
1.00091
0.981877
1.00887
1.00589
0.991771
0.995551
0.999499
0.992397
0.987585
0.985725
0.997167
0.995742
0.985918
1.00315
1.00481
0.999245
1.00594
1.00234
0.993196
1.01269
1.006
0.987712
0.999792
0.987618
1.0119
1.00293
0.995911
1.0107
0.986229
0.978969
0.994057
1.01076
0.99644
1.00457
1.00327
1.01587
0.996069
0.972978
1.01322
0.997941
0.996963
0.986102
1.01461
0.991854
0.995407
0.986219
0.970438
1.01818
1.00141
1.01947
1.00184
1.01044
0.999838
0.996615
1.00811
1.00606
1.01688
0.986348
1.0079
1.01359
1.00513
1.00397
0.995963
1.00654
1.00643
0.998427
0.997044
0.9739
1.00108
1.00896
1.00397
1.02314
1.00169
1.01222
0.997425
1.01754
0.989868
1.00049
0.98722
0.988964
1.00145
1.00361
1.01307
0.997116
0.994509
0.99451
1.01531
1.00281
1.02117
0.98454
1.0085
0.9988
1.01556
0.989629
1.01303
0.995526
0.993699
1.01674
1.00671
0.999946
0.99435
1.01326
0.985412
0.996937
1.01098
0.990788
0.977835
0.990703
1.01084
1.00379
0.991982
0.996786
1.00855
1.00111
1.01412
1.01371
0.992759
1.00881
0.998311
1.02322
1.02076
1.00444
1.01585
0.992166
1.01483
0.988468
1.00825
1.00302
0.992649
0.996335
1.00608
1.01102
1.00112
0.992894
0.998115
0.990175
0.984522
0.991767
1.0115
0.998732
1.00826
1.00571
0.995874
0.994563
0.985949
1.02501
0.992551
1.0132
0.993448
0.985628
0.979458
0.991469
0.998732
0.991743
0.999399
0.996129
1.0156
0.991395
1.01895
1.01435
1.00323
1.00342
1.01451
0.999597
0.9755
1.00889
0.995492
0.999528
0.994565
0.997166
1.00426
0.993835
0.98213
1.0083
0.990717
1.00563
1.01407
0.99994
1.01728
1.01091
0.999743
0.991706
0.997964
1.00486
0.992315
1.00012
0.982694
0.993728
0.9705
1.01271
1.0091
0.993079
1.00289
0.996798
0.980814
1.01195
0.987538
1.00862
0.997662
1.01003
1.00896
0.991442
0.994401
1.007
0.995731
0.994807
0.994042
1.00583
0.978856
0.998572
1.0047
1.00104
1.00142
0.987499
0.996313
0.992143
0.996446
1.00418
1.00425
1.00459
1.0102
0.998957
1.01399
1.01605
0.983014
0.998824
1.00012
1.01034
0.993485
0.984353
0.995863
1.00748
0.990833
1.01835
1.00367
1.00213
1.00637
0.999503
1.00885
1.00195
0.985631
0.998061
1.00951
1.0036
1.00356
1.00073
1.00547
0.994316
1.00292
0.999505
1.01064
1.00602
1.0011
0.998235
0.997528
1.02832
0.996076
0.986231
1.02225
0.988153
0.994543
1.00045
1.00033
0.996974
1.00978
1.00079
0.983672
0.998779
1.01658
1.00712
1.01047
1.00323
0.978341
1.00665
1.0202
0.999328
0.991942
1.01021
0.99844
0.993889
0.990754
0.985961
1.00696
1.01591
0.986293
1.01024
1.00227
1.01031
1.00297
1.00962
0.996558
1.00607
1.00648
1.00328
1.00424
1.01955
1.00667
1.0112
1.00151
1.00101
1.00611
1.01191
1.01817
1.0151
0.993533
1.00197
0.992623
0.989273
0.983822
0.991348
0.985376
1.00579
1.02216
1.01162
0.997872
1.00578
0.995034
1.00413
0.999384
1.00244
0.995051
0.992873
0.979401
1.0008
1.00571
0.984149
1.00404
0.991526
0.998117
0.997267
1.00702
1.002
0.986201
1.00231
1.00011
1.00422
1.00442
1.00636
0.992065
1.01236
1.00457
1.00022
0.991863
1.01754
0.999117
1.00665
0.996248
1.02545
0.998104
0.9975
1.0067
1.02522
1.01328
0.993499
0.999962
1.00263
0.995119
1.00613
0.971609
1.01244
1.00451
0.98716
0.980161
1.00985
0.988884
1.00966
1.00256
0.988748
0.996128
1.00612
0.990042
0.993715
0.984224
0.995531
0.991372
0.995836
1.00249
0.995838
0.984659
1.01272
1.00619
1.01552
0.973916
0.985802
0.989449
1.00432
0.999893
0.993957
0.997225
0.99436
1.00983
0.998374
0.983718
1.00831
1.0085
1.00516
1.00019
1.00463
0.98948
0.97996
1.00684
0.98244
1.02478
1.00397
0.978184
1.00555
1.00613
0.987032
1.02259
0.999857
0.982632
1.0019
1.01616
0.991846
1.01558
1.03027
0.987359
1.00225
0.990814
0.982307
1.00442
0.973027
1.01206
1.00953
0.992817
0.976146
0.995595
1.00314
1.01167
0.994268
1.01053
0.998038
1.01573
1.01384
0.997074
0.974451
0.990729
1.00665
0.984754
0.987508
1.00018
0.994534
1.01357
0.9937
0.979354
0.986438
0.999081
1.01276
0.98678
1.00799
0.999512
0.980522
1.00891
1.00975
1.00176
1.00734
1.00006
1.00271
0.985461
0.992554
0.996392
1.00315
1.01396
0.99423
1.00692
1.00182
1.01881
1.00178
1.01495
1.00861
1.01188
1.00838
1.00366
0.991
0.999733
0.997893
0.991235
1.00697
0.970759
0.98884
0.98769
0.994243
0.974425
0.997253
0.989901
1.0061
0.992814
0.992531
0.993081
0.99007
1.01098
0.993025
1.01184
0.998814
1.00653
1.01251
1.00022
0.994205
1.01215
1.01088
0.999764
0.992388
0.99655
1.02222
1.00704
1.00817
0.997784
1.00489
1.00252
0.999639
0.998277
1.01941
1.00113
1.01693
0.984177
1.00776
1.00836
0.996316
1.00436
1.01242
0.998229
0.998727
0.981823
0.996932
1.01651
1.0118
0.994015
1.00602
1.00495
1.00702
0.971114
0.992866
1.02485
0.987538
0.987093
1.00041
0.990928
0.982326
0.997097
0.990925
1.03295
1.01364
0.986104
1.00011
0.998741
0.999165
1.02469
1.00273
1.0101
0.999467
1.01931
1.02212
0.989568
1.01937
1.0028
0.989143
0.991257
0.987433
1.00035
0.992075
1.00422
0.981961
0.983268
1.00713
1.01382
0.99764
1.0001
0.996501
0.993858
0.983919
1.00558
0.996382
0.979902
0.989291
0.979716
0.996435
1.0009
1.0099
0.999283
0.985676
1.00007
0.996831
1.01263
0.986619
0.997262
1.01952
1.02
0.993701
0.999963
0.982493
1.01436
0.995731
0.991072
0.997378
1.00665
1.00236
1.00806
0.991564
1.00522
0.999204
0.990568
0.991081
1.00348
1.01048
0.988629
1.01864
0.99499
0.975623
1.00282
1.00467
0.999937
0.996658
1.00021
1.01085
1.00186
0.998915
1.00647
1.00641
0.992556
0.995266
1.02599
0.990455
1.00537
0.995263
1.00064
1.00688
0.99493
0.996466
1.02123
1.01126
0.997185
1.00424
1.00791
1.00431
1.0063
0.991474
1.02787
1.02333
1.00354
1.00164
0.975706
1.0009
1.00112
1.01162
1.00016
1.00589
0.976026
1.00457
1.0142
0.997339
1.00309
0.974153
1.00371
1.00259
1.00717
0.994902
0.992394
0.996777
1.0001
1.00516
0.997954
1.00145
1.0013
1.00801
1.00294
1.0011
1.01421
0.994808
1.01295
0.985001
0.97115
0.996911
0.999888
0.995236
1.0052
0.997353
0.998341
1.01129
1.01309
1.00925
0.985569
0.976093
0.992546
0.989476
1.01648
0.9956
0.981694
1.01097
1.00041
1.0013
0.994794
1.00069
0.996252
0.99658
0.995355
1.01075
0.991186
1.00959
0.9977
1.00517
1.00702
0.98635
0.991829
0.992681
1.01318
0.992824
0.99526
0.97825
0.99569
1.01364
0.985284
1.01444
0.999978
0.994157
1.00227
0.999492
1.00622
1.01549
1.00138
1.02105
1.00553
0.997438
1.01503
0.993106
0.994441
0.984068
1.00602
1.00241
0.988324
1.00532
0.997689
0.998832
0.995683
1.01919
0.996607
0.980765
0.993311
0.984677
0.990964
0.99772
0.990679
0.982976
1.02667
0.986015
0.98212
1.00614
1.01189
1.00065
0.985865
0.983642
1.00981
0.999349
0.996887
0.98243
1.00357
0.986391
0.986955
0.992342
1.00513
0.997108
1.0005
0.99818
1.01151
1.00837
0.993457
0.995541
1.0093
1.0087
0.997549
0.996527
1.00574
1.0029
0.97918
0.997093
1.00837
0.997386
0.990388
0.984421
0.9908
1.00725
0.990131
0.980904
0.986157
1.01056
0.99947
1.0152
0.990024
0.992158
0.987955
0.994643
1.01126
0.98837
0.993826
0.970482
0.98989
1.00443
0.987163
0.988204
0.989704
0.999698
1.00973
0.999629
0.991672
0.998921
1.01535
1.00155
0.982213
0.994969
0.999428
1.00007
0.996659
0.987041
0.993607
0.986302
0.976896
1.0022
0.996017
1.00303
1.00267
1.02748
1.00195
1.02002
0.997663
0.996364
0.989146
0.9992
1.01218
0.982109
1.00421
0.987186
0.97458
0.99327
1.00466
1.0011
1.00224
0.994359
0.999905
0.97028
0.993007
0.993611
0.99095
1.00693
0.99214
1.01538
0.985802
0.993049
0.984773
0.990941
0.995168
1.01415
1.00165
1.00131
0.997912
0.998078
1.0144
0.999841
1.02186
1.01342
1.00949
0.991008
1.00224
1.00507
1.00828
0.999045
0.987604
0.990332
1.00809
0.99613
0.993781
0.994983
0.998738
0.994657
1.00308
0.996608
0.994031
0.993396
1.01235
1.00891
1.00592
1.01041
1.02972
0.998204
0.996137
1.01273
1.00906
0.999584
0.987513
0.990353
0.998438
0.991844
0.997791
1.00066
1.00966
0.997915
0.993055
1.0083
1.00925
1.01524
0.993305
1.0115
1.0109
1.00872
1.00861
0.996874
1.00938
0.981436
0.989271
0.996271
0.994604
0.983304
1.00995
1.00847
0.993417
0.999017
1.01664
0.997233
0.981454
1.00363
0.985623
1.00104
0.98557
1.00117
0.997603
0.995949
1.00398
0.979111
0.976363
0.994625
1.00201
1.00033
0.9909
0.995879
0.993055
0.988908
0.99771
1.00805
0.994054
1.00762
1.00462
1.00263
1.01641
0.997477
1.00611
0.994588
1.01312
1.0085
0.985093
0.99887
1.02014
0.987009
0.998933
1.03056
0.993692
0.992917
0.994934
0.975399
0.97354
1.0153
0.987684
0.978026
0.994801
0.99732
1.00109
0.992242
0.996545
0.994378
0.996612
1.01487
0.994694
0.997318
1.01068
1.01319
0.994657
0.992721
1.00539
1.00408
0.996791
0.984209
0.997125
0.998591
0.995827
0.992619
1.00141
1.00021
0.998671
0.987255
0.998522
0.998111
1.00041
1.00656
0.995354
1.00999
1.00115
0.989971
1.00397
1.00006
0.989908
1.01075
1.00493
0.996556
1.01497
1.00884
0.995349
0.991196
0.990642
0.999683
1.00152
0.996068
1.00332
0.993187
0.999769
0.987939
0.996804
1.00162
0.975648
1.00881
1.00191
0.985116
0.995257
0.988435
1.0101
0.998844
1.01515
0.989714
1.01241
1.00735
0.996923
1.0047
1.00685
1.00986
0.981331
0.99856
1.00771
0.996293
1.00421
1.00959
1.0242
0.995678
1.01521
0.989258
0.996064
0.990233
1.01516
0.99374
0.994027
1.02385
1.00821
0.983562
1.0109
0.979066
1.00997
1.0071
1.00156
1.01371
1.00333
0.989337
0.995501
1.02568
0.98995
0.992176
0.984697
1.00171
0.999847
0.996041
1.00469
0.994927
0.978623
1.00138
1.01092
0.993182
0.980836
1.0168
1.01959
0.988963
1.0088
0.975138
1.00499
1.00092
0.998174
1.00218
1.01602
0.985796
1.00621
0.98023
0.991029
1.00902
1.0098
1.01355
0.998725
0.989272
0.998315
1.01686
1.02144
1.00834
0.990989
0.989745
1.01397
1.00111
1.00877
0.990947
0.993586
1.00597
1.00398
1.01438
0.975766
0.998974
1.00928
1.0052
1.01179
0.992621
0.985614
0.975257
1.01442
0.98781
1.00343
1.00323
0.980414
0.995707
0.993197
1.00209
0.987335
0.982115
1.00837
0.995445
0.984226
1.01543
0.994013
0.993538
0.994329
1.00138
1.00316
0.997313
0.996781
1.01833
1.00308
1.00125
0.993141
1.00504
1.01058
1.00428
1.01055
1.00729
1.01036
0.997401
0.990265
1.00447
1.00876
0.994804
0.998813
0.987217
0.98533
0.998604
0.98072
0.985169
1.0155
1.00859
1.00057
0.993575
1.00521
1.0127
0.993541
0.980112
1.01244
0.996185
1.02292
0.990202
1.00604
0.995823
1.00939
0.98596
1.00755
0.989125
0.994598
0.984863
1.0141
0.977868
0.982233
1.00063
1.02517
1.00667
0.99015
0.999895
1.00291
0.994894
0.992946
1.0105
1.00289
1.00656
0.991535
0.995863
1.00914
0.995816
1.02081
1.00557
0.993079
1.00771
1.01419
1.00166
0.999578
1.00963
1.01628
0.980515
1.00226
1.01698
0.998102
1.02394
1.00154
0.995025
1.00248
0.999832
0.997131
1.0076
0.986718
1.00003
1.00114
1.0057
0.988872
1.006
1.01411
0.983877
1.00873
1.00006
0.984272
0.992267
1.00407
0.992401
0.994742
0.998622
0.991702
1.00461
1.00912
1.01297
1.00399
0.982922
0.982357
0.99813
1.00753
0.995211
0.995052
1.00724
0.989757
1.00337
1.00353
1.00168
1.00089
0.992451
0.989737
0.991871
0.980883
1.00631
1.00031
1.00044
0.996403
0.985886
0.999498
0.975637
0.989676
1.00644
1.00076
1.00669
0.987454
0.991118
0.994179
0.999814
1.00019
0.976734
0.97528
0.996147
1.0088
1.01289
0.989907
1.00338
0.999576
1.01186
1.00716
0.999308
0.990711
0.984598
1.00609
1.01291
0.988067
1.01136
1.01217
0.984578
1.00331
1.00116
0.987993
1.00631
0.994555
0.996503
0.994022
1.01079
1.01866
1.00774
0.991842
0.97595
0.993179
1.00012
1.01329
0.988437
0.998801
0.973396
1.01543
1.00096
1.0124
0.995911
1.02117
1.00016
0.992437
0.988722
1.00017
1.01482
1.0243
1.01176
1.00984
0.996762
1.00313
1.0132
1.02109
0.998104
0.972489
0.992399
0.996187
1.01949
0.997202
1.00032
0.980163
0.999735
0.995899
1.00515
1.01694
0.99946
0.989406
0.995848
1.00526
1.03657
0.984419
1.01517
1.01035
0.990361
0.975408
0.990074
0.985909
1.01933
0.997483
0.992481
0.986466
1.01249
1.0073
0.985565
1.00067
1.00438
0.995427
1.00909
1.00544
0.994162
0.997917
1.00047
0.991449
0.985998
0.985109
0.989014
1.0079
0.999575
0.99128
1.00099
1.00804
0.974185
1.00462
0.970227
0.98425
1.0092
1.01117
1.00884
1.01024
1.00481
0.992786
1.00817
0.985206
1.00191
0.992462
1.01251
1.00318
1.00669
1.00543
0.994626
0.991813
1.01667
0.97918
0.987774
0.998391
1.00375
1.0019
1.00358
1.00042
0.988616
0.989701
1.00482
0.984095
0.981666
0.976522
0.98281
0.991403
1.01097
0.996372
1.00459
0.991213
1.01368
1.00998
0.995359
1.02622
0.997286
0.999373
1.00156
1.02139
1.00662
1.00057
1.01311
1.00212
1.00945
0.989287
0.974395
1.00168
0.98524
1.01614
1.01849
1.00217
1.01516
0.993561
0.971359
1.02367
0.999668
0.993346
1.01275
1.00384
1.00364
1.00276
1.00121
0.98967
0.98293
1.00737
0.995068
0.991826
1.00962
1.00948
0.989365
0.986616
1.01472
0.986258
0.980961
1.02999
0.997765
0.99848
0.995677
1.00097
0.998372
0.998528
1.00403
0.990809
1.01909
1.00303
0.993084
0.998907
1.01371
0.998993
1.01538
1.00844
1.01126
0.9988
0.987518
1.007
0.990116
0.994538
0.993175
1.00979
0.996274
0.972453
0.993123
0.999716
1.00316
1.00431
1.01191
0.995212
1.0281
1.00739
0.988138
1.01226
1.0042
0.997718
0.986845
0.995921
1.01892
0.987717
0.997318
0.999314
0.992087
0.991397
0.997202
0.994376
0.989855
0.996855
0.974068
1.00264
0.999519
0.988099
0.983266
0.990744
1.02083
1.00318
0.996059
0.986383
0.995043
1.01435
1.02372
1.0058
1.00179
1.02158
1.00121
1.0046
1.00442
0.991763
0.993298
1.01602
1.00521
1.00114
0.984462
0.995766
0.986848
1.01062
0.995392
1.01485
0.998968
0.996944
1.00397
1.0001
0.989458
1.00849
1.00451
0.996635
1.0071
0.991686
0.992549
0.992783
0.976997
1.02219
0.996542
1.00955
0.998385
1.02462
1.0028
0.988155
0.990253
1.00308
1.00602
0.998529
1.00314
1.01295
1.0061
1.00153
1.01664
0.988444
1.01461
0.993697
0.988621
1.00392
1.00626
0.988089
0.990035
0.99938
1.00826
1.00863
1.0025
1.01139
1.00665
1.0021
0.988603
1.0051
1.02246
0.994849
1.01596
0.993923
0.976795
0.986382
1.00127
0.985909
0.98674
0.996066
0.995948
1.01012
1.00173
0.993592
1.02659
0.993684
1.01125
1.00036
0.973454
0.998812
1.00347
0.991969
1.01096
0.979305
1.01257
0.991533
0.991803
0.998949
0.984431
1.01675
0.989657
0.980715
1.0109
1.00471
0.97773
0.993426
1.00027
0.9797
1.01189
0.989662
1.00916
1.0027
1.01117
0.990482
1.01297
0.969231
1.00076
0.99016
1.00737
1.00621
0.986083
1.00804
0.991056
1.00117
1.01713
1.01003
1.00386
0.988621
1.01526
0.99683
0.992255
1.00753
0.991887
0.997587
1.0078
0.995736
0.993153
1.03001
0.978834
0.992685
0.996281
1.00202
1.00572
0.999349
0.99021
1.00684
0.994612
1.00806
0.980409
1.00009
0.989216
1.00421
0.985251
0.980879
0.991942
0.995753
0.996369
0.995697
0.989902
0.9916
0.98497
0.982673
1.02075
1.00326
1.00741
1.01471
1.00392
0.992997
1.00044
1.00263
1.00568
1.01088
1.00168
1.00986
0.989137
0.98646
0.991894
0.995824
0.999592
0.998894
0.989175
0.988755
0.988082
0.99941
1.00292
1.01835
1.01323
1.00306
0.992894
0.993918
0.992906
1.00032
0.998935
0.996942
1.00579
1.01025
1.00583
0.986942
0.981073
1.01079
1.00478
1.00491
0.984227
0.975233
0.985144
1.00145
0.998079
0.979674
0.998066
1.00734
1.00178
0.989919
0.991798
1.00615
0.978953
1.01024
0.996294
0.996412
1.0042
1.003
1.00468
1.00739
0.985084
0.982859
1.01033
1.00041
1.02351
1.00495
0.997636
1.00534
1.00673
1.0023
1.0001
1.01264
0.992769
1.00969
1.00894
1.00118
1.01535
0.996743
1.00606
1.00514
0.98321
1.00597
0.993445
1.00318
1.00867
0.990371
1.00052
0.998185
1.00261
0.996697
1.00791
1.00665
0.973596
0.998883
0.990828
0.986247
0.999591
1.0066
0.989401
0.975941
1.00781
1.00919
1.00943
1.00082
0.992033
1.00678
1.01952
0.971661
0.981462
0.987351
1.01212
0.995231
1.00869
1.00998
1.0126
0.990707
0.971566
0.998682
0.981598
0.984197
1.01028
1.00213
1.00817
0.987188
1.02341
1.00937
1.00126
0.997131
1.00188
1.00047
1.01985
1.00769
1.01232
1.01295
0.992311
1.00438
0.989938
0.982698
1.00871
0.998934
1.0279
0.974904
1.01066
1.00624
1.00577
1.01619
0.997349
1.00237
0.998358
0.997249
1.00028
1.00966
1.00074
1.01147
0.990067
0.985643
0.999219
0.98416
1.00215
0.978311
0.997547
1.02373
0.972632
0.995577
0.983144
0.998923
1.00444
1.0127
1.01619
0.996461
0.996902
1.00427
0.97923
0.994292
1.02332
0.998425
1.00827
1.0026
0.992903
0.993646
1.00235
0.984919
0.999123
1.00668
0.996737
1.0023
0.987458
1.00913
0.994427
1.00898
0.998949
0.980503
0.995867
0.987147
0.983282
1.00047
0.992671
0.992944
0.995307
0.983467
1.02189
0.999418
1.01154
0.998724
0.989405
0.993029
0.992701
1.00708
1.00099
0.981411
0.988134
0.996935
1.00633
0.99578
1.02178
1.0119
1.00946
0.97978
0.968789
1.00177
1.01173
0.993627
1.00308
0.99012
0.983964
0.994088
1.00599
0.991783
0.987234
1.00515
0.988429
1.00159
1.01645
0.989939
0.988872
1.00491
1.012
0.981002
0.990916
0.982164
1.00569
0.999532
1.0037
1.001
0.998153
0.9984
0.988218
1.00221
1.0086
0.980473
1.00103
1.0127
1.00737
0.99188
0.991265
1.00248
1.01512
1.00832
1.00727
0.995826
0.993877
1.00615
0.990887
1.00746
1.00075
1.0127
0.98673
0.994325
1.00482
0.996289
0.991903
0.999065
1.00213
0.994741
0.997607
0.998
0.98913
1.00784
1.00825
1.00831
1.00328
0.995235
1.00426
1.00372
0.977653
1.02265
1.00954
0.991687
0.990706
1.0147
1.0072
0.990104
1.00708
1.00809
0.998536
0.993341
0.99398
1.00982
0.971741
0.996668
0.992758
0.983039
1.00796
1.00872
0.985429
1.01774
0.99772
0.998433
0.995251
1.00319
1.01299
1.01059
1.00157
0.977072
1.01205
1.01215
1.01767
1.00323
1.0011
0.986614
0.991378
1.01085
1.02286
1.01837
1.0034
0.995868
0.988813
0.990453
0.992963
0.987345
0.986786
0.988417
0.959191
0.990761
1.01171
1.01359
1.01514
1.01539
1.0035
0.997852
0.988032
0.983668
0.985181
0.99267
0.992556
1.0165
0.995667
0.994371
1.00842
0.993555
1.01348
0.996858
0.98928
1.00256
0.999986
1.02153
1.00013
1.00589
1.00452
0.996526
1.00116
1.00027
1.00779
1.00954
1.00498
1.00441
0.97825
1.00446
0.98719
1.00471
0.995947
0.992129
0.987739
1.00688
1.01164
1.00725
1.00099
1.00592
1.01244
1.00243
0.975633
1.00101
0.994972
0.986193
0.994581
0.991551
0.995537
0.987376
1.00247
0.992932
1.01418
1.00346
1.00314
0.998641
0.993514
1.01321
0.987566
1.01339
1.00887
1.01068
1.0014
0.981309
1.00322
0.984951
0.988756
1.03562
0.980007
0.986115
0.991882
0.970839
1.00106
0.993771
0.978639
0.995486
1.00104
1.00389
0.979894
1.00842
1.00095
0.996517
0.995358
1.01305
1.01005
1.01011
0.989768
1.00291
0.991208
0.99885
0.988394
0.978333
1.01025
1.00253
1.0021
0.982839
1.00945
0.982326
0.98133
0.9929
0.979249
0.997718
1.00107
1.01985
1.00254
1.00937
0.997883
1.00613
0.985955
1.01288
1.02891
1.01378
1.00903
0.999694
1.00063
1.01334
0.999952
1.00956
0.995827
1.01621
1.00271
1.00049
0.988797
0.993723
0.999597
1.00248
1.00329
0.991622
1.00778
1.00281
0.989294
0.999805
0.993727
0.982803
1.01681
1.00218
1.00914
1.01575
1.00482
1.0193
0.993893
0.998482
0.999427
0.998219
0.975916
1.00456
1.00572
0.996937
0.99216
1.00302
1.00696
1.02013
0.994783
1.00353
0.994905
0.992171
0.9928
0.995034
1.00313
1.01398
0.994296
1.02454
0.997652
0.986214
0.97745
0.997239
0.995064
0.997244
1.00615
0.994013
0.988251
0.977979
0.998261
0.999084
0.994914
0.992489
0.999619
1.01281
0.997483
0.987343
1.0206
0.998374
1.00623
0.982357
0.988489
1.01664
0.990577
0.999984
0.994856
0.999466
0.993574
0.986838
1.00729
1.02044
1.00451
1.00393
0.991216
0.987278
0.981463
0.996492
1.00641
1.01261
1.00565
0.988046
0.981831
0.997323
0.989157
1.0067
0.996203
1.00253
1.0143
0.998583
1.01199
1.00465
1.00857
1.00669
0.988531
1.01038
0.981774
1.00007
1.00041
1.02341
0.984973
0.979281
0.986496
1.00378
1.00087
1.005
1.00958
1.00025
1.0108
1.01413
1.00925
0.997695
1.00131
1.01513
1.01509
1.02547
0.999017
1.00821
0.988176
1.02684
1.01103
0.984012
1.00041
1.01705
0.995465
0.994992
0.990463
0.992244
0.987145
0.992072
1.0008
1.02127
0.985186
1.00099
0.985724
0.986544
1.01123
0.999736
0.991314
1.00491
1.01
0.991516
1.00278
1.01276
1.00872
0.989316
1.00899
0.994158
0.990601
0.994163
0.994535
1.01282
0.997416
0.995838
0.994951
1.01875
1.01071
1.00626
1.00987
1.01405
0.987677
0.992322
0.991373
1.00442
1.02421
0.98705
0.994197
0.990035
0.994754
1.00042
1.00466
1.02166
0.98776
0.997611
0.992211
0.993643
1.01279
0.996869
0.988464
0.989466
0.99879
0.976242
1.00305
0.996291
1.00301
1.00414
0.997146
0.992898
1.01129
1.00741
0.995789
0.993883
1.01428
0.994097
0.978935
0.993362
1.02224
0.986743
0.980279
1.01228
1.01359
0.994093
0.994464
0.994939
1.00384
1.00629
0.989785
1.01854
1.01643
1.0136
1.01079
1.00404
0.995693
0.99553
0.98925
1.01197
1.0148
0.981575
1.02724
1.00424
0.998617
0.973595
1.02476
1.00778
0.995599
0.997331
0.98946
0.972803
1.02765
1.01032
1.01248
1.02204
0.999483
1.00668
1.00393
0.9941
0.974156
1.01615
1.00248
0.993509
0.987385
0.987261
1.00373
1.00426
0.98988
1.00556
0.99472
0.994965
0.995392
0.981592
0.997137
0.989527
1.02426
1.00631
0.99505
1
1.03133
0.999306
1.00774
1.00746
0.979914
0.993046
1.0005
0.995848
0.997547
1.00891
0.999669
1.01073
0.99502
0.981363
0.99969
0.98946
1.02558
1.00464
1.0006
0.98962
0.986634
1.00778
1.00872
0.9916
1.01014
0.997461
0.968269
0.995527
1.01176
1.00102
0.993748
0.993211
0.988522
1.00943
1.00265
1.01752
0.996721
1.00197
0.98457
1.00911
1.01098
0.99298
0.990133
0.984198
1.02016
1.00591
1.00153
0.986514
1.00038
1.00203
0.99154
1.01219
0.994302
1.0068
1.01449
1.00261
1.00264
0.998664
1.0089
1.00128
0.999115
1.00565
1.01101
0.997223
0.989124
1.00674
0.996856
0.979695
0.996486
0.993092
1.00075
1.00443
1.00152
1.00032
0.992745
0.989961
0.981161
1.00247
0.991929
1.02315
0.997898
0.994003
0.994921
0.978692
0.993819
0.994534
0.975822
0.991105
1.0153
1.02111
0.998559
1.00044
1.00584
0.997723
1.00111
0.999043
0.999127
0.995764
0.991162
1.00429
0.993193
1.00167
0.984703
1.0106
1.00634
0.998161
1.01342
1.01363
1.00828
0.972091
1.01454
1.00525
0.999622
0.995478
1.01994
1.02038
1.01326
1.00872
0.995734
1.01555
0.991135
1.0045
1.01634
1.02137
1.00011
0.992395
1.00129
1.00076
0.983714
1.01264
0.978497
1.02175
0.995144
0.981895
0.998196
0.995299
1.00568
1.0207
1.0052
0.985989
0.993546
1.01792
1.01328
0.985413
1.02946
0.996846
0.99638
0.980754
0.989133
1.01043
0.997169
1.01757
0.992257
0.990804
1.00707
0.998876
1.00364
0.974589
0.987192
1.01153
1.02392
0.997648
1.00444
0.992674
1.00579
1.00157
1.03072
0.989832
0.996913
1.00885
0.988709
0.98645
1.00556
0.995432
0.992263
0.99926
1.01204
0.983088
0.998058
0.995414
1.01653
0.992651
1.01771
0.993584
1.01259
1.00346
0.996462
0.997493
1.01033
1.00532
1.00337
1.00259
1.02466
0.994988
1.00009
1.00646
1.00428
0.987967
0.99785
0.996083
0.991097
1.0066
0.987331
0.997797
0.996933
1.00151
1.00018
0.996136
0.991473
0.996941
1.00539
1.00313
1.00615
1.00202
1.00651
1.0129
0.99454
0.996891
1.00938
1.00384
0.984142
0.993751
0.990037
1.004
1.02271
0.99981
1.0155
1.00685
1.0067
1.00967
1.00268
1.00664
0.99952
0.995151
1.0128
0.992862
1.0044
0.983901
1.00407
0.980483
0.998694
1.00319
0.984884
0.985281
0.993201
1.00256
1.00537
0.992076
1.00348
1.01381
1.0084
0.98607
1
1.00535
0.995866
0.997584
0.995728
1.02165
0.984096
0.982908
0.983673
0.999154
0.997136
1.00089
0.982907
1.00717
0.995767
1.00289
1.0163
1.00165
0.993698
1.04225
1.0128
0.984907
0.993526
0.970107
0.971867
0.998175
1.00229
1.00036
1.01068
1.00271
1.00396
1.02345
0.992489
1.01037
1.01658
0.992289
1.00995
0.984331
1.02507
0.986729
1.02185
1.01174
1.01214
0.977376
0.981859
1.01203
0.997897
0.989731
1.00264
1.00856
1.00493
0.981624
0.994961
1.00615
1.00469
1.02857
1.00842
1.01105
0.98948
0.998205
0.995727
1.01537
1.00327
1.00993
1.01236
0.986243
0.994339
1.01897
0.989677
1.01653
1.00342
0.987531
1.00409
1.00032
0.98865
0.997394
1.00577
0.996393
1.00426
1.00729
1.01503
0.999178
1.00193
0.994477
1.01349
0.994083
1.00621
1.02489
0.978792
1.00726
1.00552
1.00371
0.999274
0.997811
1.01199
1.00855
1.01172
0.994471
1.0064
0.989357
1.00304
1.0219
1.0098
1.00174
1.02276
1.0125
1.00929
0.973242
1.00455
1.00629
0.993862
1.0154
0.999944
0.9811
0.995104
0.988725
1.00023
1.00707
1.02616
0.994505
0.998712
1.00328
1.01624
0.999325
1.02159
0.992734
0.995406
0.985013
1.01434
0.969725
0.999103
1.00089
1.00307
1.00971
0.990779
0.99469
0.999761
0.989485
0.992637
0.991349
0.987678
0.996651
1.01174
1.02986
0.998769
0.978788
0.999109
0.984293
1.00933
0.992004
0.991002
0.987339
1.00594
0.992196
0.999711
0.992397
1.0093
1.00119
1.02234
1.00825
0.985302
0.999023
0.998197
0.995143
1.01453
1.01307
0.993553
1.00144
1.00293
1.00074
0.984388
1.01479
0.999385
1.01592
0.995923
0.997169
1.0183
0.986731
0.983657
1.00092
1.01375
0.994619
1.00424
1.00188
0.997864
1.00706
1.0031
1.0226
1.01436
0.987696
1.01234
1.01326
0.997502
0.996664
0.985764
1.00979
0.98836
1.00439
0.976964
0.998304
1.00664
0.999903
1.00418
0.976179
0.978217
0.999762
0.994422
0.99675
1.00221
0.99508
0.990954
0.997266
1.01841
0.985467
1.0022
1.02748
1.00579
0.977382
0.99568
0.991457
1.00019
1.00115
1.01395
0.982362
1.01856
1.00513
0.997367
1.00832
1.00541
0.990023
1.00149
1.00752
1.00225
0.995353
1.00321
0.986619
1.01387
0.991622
1.00669
1.00711
1.00669
1.01598
0.99226
1.00487
1.0075
0.990742
1.01404
0.980444
1.00937
1.01398
0.99211
0.999917
1.01097
1.01772
1.00789
1.0086
1.02195
0.999517
1.00208
0.994362
0.999679
1.00097
1.00658
1.00459
1.02116
0.998342
0.993053
0.966528
1.00186
0.990615
1.00446
1.00557
1.00944
1.0005
0.988698
0.995163
1.0155
1.02152
0.994154
0.999347
0.997452
0.994224
0.988903
0.993147
0.990716
0.998249
1.00193
1.00156
1.02003
0.981264
0.986572
1.02119
1.00611
0.994822
1.00388
0.982164
0.999351
0.984621
1.00145
1.00967
1.00084
0.988878
1.01833
1.00469
1.01005
0.996098
0.989721
0.991243
1.01196
1.02276
0.968888
0.9843
0.995419
1.0199
1.01024
0.989875
1.01088
1.01237
0.973841
1.00889
0.988978
0.994126
1.01274
0.992432
0.996172
1.00743
1.008
0.976355
1.00352
1.00435
1.00365
1.01187
1.01262
1.00557
0.985798
0.995199
1.00631
1.00417
0.996266
1.00315
0.984609
1.0031
0.986468
1.00458
0.996306
0.995246
1.0031
1.02875
0.984383
0.997051
0.992763
1.00649
0.983623
0.985659
1.01263
1.00205
0.999051
1.00336
1.01473
1.00398
1.01188
1.02494
0.999914
0.991079
0.997894
1.00484
1.02053
0.993688
0.99813
0.985356
1.02548
1.01861
0.992824
1.00108
0.997386
1.0254
1.00402
0.984004
0.989455
0.987794
1.00247
1.01421
1.00522
0.988909
0.99452
0.998608
0.997195
1.01211
0.995188
1.01081
1.00275
0.98718
1.00495
1.02016
0.986438
0.987929
1.01687
1.01483
0.998096
0.995588
0.989131
1.008
0.991462
0.975266
0.998439
0.99757
0.994177
1.00608
1.0007
1.00139
0.999778
0.999938
1.00057
0.98196
0.999242
1.01121
1.03154
0.996699
0.991115
0.99194
1.00745
1.00858
1.0155
0.985878
1.00351
1.00579
0.997092
1.00222
0.999845
1.01066
1.00152
1.00847
0.996795
0.995112
1.00173
1.01229
0.996156
1.01719
0.996578
0.996425
1.0022
0.975254
0.973013
1.01335
1.01363
0.991203
1.02996
0.992676
1.00858
0.991771
0.993691
0.999655
0.998025
0.983102
0.994076
0.998918
1.00231
0.981929
1.01727
0.995131
0.979145
1.00407
1.0115
1.00596
1.00731
1.00144
0.993232
0.987352
0.981201
1.0134
0.980367
0.997069
0.993803
1.00579
0.996993
0.997888
0.977847
1.00129
1.01182
0.987106
1.00491
0.990904
1.00912
1.0085
0.982367
1.01013
1.0274
1.00879
0.990432
0.993265
1.02756
1.00134
0.998499
0.991793
0.998858
1.00412
0.987098
0.98553
0.989369
0.986888
0.979586
0.991814
1.00402
1.00023
0.998409
1.01921
1.00494
1.00703
0.987631
0.993587
1.01958
0.98357
0.992632
1.0157
0.990046
1.00729
0.994039
1.01637
1.01719
0.983905
1.01612
0.996747
1.00078
1.00204
1.01941
1.00343
1.00622
1.01607
1.0083
1.01244
0.993749
1.01083
1.00743
1.01957
0.989897
0.988555
0.999113
0.995359
0.995959
0.981259
0.989023
0.986672
0.99961
1.01316
1.0009
0.99396
0.987336
1.00457
1.00657
0.997823
0.986482
1.00524
0.994821
1.00003
1.00192
1.0133
0.991848
0.998387
0.990422
0.991415
1.00825
0.99585
0.966526
1.01248
0.994049
0.996104
1.02017
1.0066
0.991778
1.00088
1.0121
1.01239
1.00685
0.997445
0.983924
1.00253
0.982473
1.02833
1.00837
0.994343
1.00986
1.00293
1.0068
1.00101
0.996004
1.00351
1.01108
0.993907
1.01975
1.01396
0.996593
1.0048
1.00178
0.98487
0.997102
0.98477
1.0118
0.989588
0.996261
0.992354
1.00519
0.993416
1.00989
0.991038
1.00554
0.985393
0.998483
1.02042
0.984271
1.00888
0.995884
0.996997
0.993508
1.00735
1.00767
1.01311
0.984596
0.989431
1.00718
1.00388
0.996367
1.01682
1.03259
1.02597
0.989058
1.01689
0.995237
0.975678
0.973654
1.0021
0.982647
1.00452
1.00236
0.993336
1.00608
0.992737
0.993969
1.01112
1.00357
0.990152
0.990391
1.00368
0.984424
1.01258
0.986678
0.994445
1.01272
1.0037
0.996249
0.998721
0.991328
1.00411
1.00149
0.992012
0.992098
0.994442
1.00549
1.00386
0.998586
0.99955
1.00781
1.02208
1.01065
0.991263
1.00504
1.0045
1.00168
0.99572
1.00267
1.00552
1.00159
1.0035
1.00491
0.995834
1.0025
0.994966
0.991937
0.989091
1.00819
0.989948
1.01254
1.00497
1.00281
0.99962
1.00451
1.02183
0.998665
0.994499
1.00119
0.995921
1.00428
1.00439
1.01601
1.0023
0.988291
0.996964
0.992831
0.992645
1.01551
1.00515
1.01134
0.994731
1.01219
1.00798
0.981916
0.994779
0.981386
0.991924
0.992527
1.00863
1.02081
0.983371
1.0128
0.991618
0.999518
1.01273
1.00072
0.992859
1.01612
1.01653
0.994603
1.01126
0.995505
1.00091
1.01594
1.01265
1.0024
1.00027
0.984749
0.991485
1.00737
1.00928
0.99241
1.00303
0.995397
0.989389
1.00463
0.990312
1.00185
1.00512
1.0021
1.00129
1.00562
1.0013
1.00184
1.0091
0.990268
1.02301
0.99381
0.981466
0.980293
0.995904
1.00352
0.999505
1.00663
0.986855
0.993115
0.992576
1.00564
1.0184
0.992986
0.978084
1.00576
1.00182
0.996168
0.995386
1.00315
0.99058
1.01425
0.999281
1.00744
0.999197
1.00367
0.99469
1.01871
0.972921
0.996998
0.972548
1.00139
1.01227
1.01721
1.00918
0.99899
1.00026
1.0154
0.999716
1.00568
0.982761
1.00846
1.0151
0.984423
1.00351
0.98398
1.00261
1.00312
0.996137
1.00917
1.01719
1.00185
0.99967
1.00199
1.01396
0.980928
1.01242
0.992299
0.974773
0.991274
0.987916
1.00375
1.0186
1.00569
1.01964
0.987488
1.00801
1.01146
0.99469
1.00303
0.985703
1.01523
1.00355
0.996199
1.00438
0.986524
1.00248
1.00836
0.978781
0.996085
0.993111
1.00178
0.97936
0.995923
1.02477
1.00473
1.01061
1.0008
0.996793
0.990954
0.999796
1.00082
0.999203
0.996792
0.996567
0.979152
1.00387
0.989415
1.00121
1.00533
0.98264
0.999826
0.988656
1.00173
0.989204
1.01993
1.00311
0.988699
1.0271
1.01471
0.97308
0.986631
1.00949
0.985918
1.01041
0.999624
1.00065
0.980407
0.999725
0.991192
0.989426
1.00186
1.01035
1.00777
1.01329
1.00116
0.995109
1.02252
1.00616
1.01431
0.978596
0.997044
0.999214
1.01152
0.989642
1.0062
1.01105
0.990828
1.00039
0.99746
0.987757
1.01282
0.992761
0.973241
0.994776
0.985421
1.02934
0.982312
0.998206
1.00275
1.00972
0.988469
0.993238
0.995223
0.987601
0.989074
1.00797
1.00951
0.997272
0.999547
1.02149
0.98671
0.975137
1.00035
1.00602
0.975879
1.00268
1.01777
1.00688
0.994356
1.00534
0.989942
0.977247
1.0049
0.98785
1.01216
1.00984
0.976131
1.00186
0.996527
0.991587
0.990927
1.01488
0.981591
1.00696
1.00189
1.00123
0.997511
0.988903
0.991132
0.980929
0.977249
1.0035
0.997358
0.998006
0.987869
0.998528
1.00339
1.01139
1.01201
1.00003
0.998357
1.00277
1.01506
1.01799
1.00495
1.00346
0.984791
1.0135
0.997566
1.01611
1.00177
1.00762
0.995349
1.0109
0.98929
0.997877
1.00322
1.00148
0.999122
1.02613
1.00423
0.982245
0.984625
0.998147
1.00222
0.996942
0.990872
1.00259
1.00101
1.00183
0.992749
0.985744
1.00639
0.98365
1.01377
1.01112
0.970303
1.01284
0.992053
1.01976
1.00488
1.00315
1.00008
1.00961
0.998312
0.994976
0.97719
1.00669
1.01296
1.00001
1.00448
1.01191
1.00647
0.991639
1.00633
1.00406
0.992113
0.983591
1.00077
0.995329
0.994264
1.0254
1.00704
0.991861
1.01163
0.99947
1.02037
0.984516
1.00158
0.999089
1.00684
0.999906
0.993885
0.990154
0.984135
1.00762
0.99642
1.0167
1.01863
0.999891
0.997829
1.01785
1.00533
1.02848
1.00064
0.977743
1.01782
1.01358
1.00136
0.994703
0.991059
1.01589
1.01938
0.986962
1.00458
0.99873
0.984099
1.0005
1.01407
1.01244
1.02053
0.97544
0.993039
1.00312
0.996323
1.00877
0.988269
0.995693
0.989744
1.02069
1.00641
1.00531
0.983045
1.00566
0.986994
1.00813
1.01347
0.990338
1.00402
1.01215
1.00594
0.982365
0.985964
0.994982
0.981988
0.98953
0.983943
1.00196
0.985592
1.02469
1.02276
0.999868
1.001
0.991704
0.996837
0.983313
0.989349
1.00199
0.9812
1.00479
1.00845
0.993221
0.981449
1.00727
0.989388
1.00007
0.996734
1.01399
0.998525
1.00495
1.02226
1.00748
0.990363
0.986108
0.993838
0.983378
0.99871
1.01296
1.00705
0.995726
1.02068
1.02594
0.988503
1.01823
1.00924
1.0029
0.994897
1.00352
0.998903
1.01028
1.0145
0.976241
0.999203
0.989899
1.02253
1.01472
1.0096
1.00393
1.01034
1.0145
1.01177
1.00114
0.989292
0.998898
0.983256
1.0044
1.00808
1.02855
1.01929
1.02131
1.00739
1.00287
0.9982
0.98214
1.00594
0.996635
1.00368
0.99035
0.989584
1.01838
1.00363
1.0021
0.983635
1.00061
1.0036
1.01174
1.00149
1.00847
1.00101
1.01245
1.01393
0.994125
1.0023
0.99932
0.990545
1.01046
0.996847
0.989678
1.01274
1.0051
1.01385
0.984637
1.00481
0.991783
0.994348
0.982317
0.984904
1.01722
1.00908
1.00365
0.993321
1.01374
0.978632
0.999171
0.99417
0.985157
0.999753
1.00355
1.00444
1.04169
1.02629
1.00999
0.996868
1.0025
1.0033
0.979267
0.992544
0.996176
1.0045
1.00249
0.981925
0.999038
0.989207
1.01149
0.998147
0.996452
1.00003
1.00245
0.998489
1.00603
1.0071
1.00146
1.00328
0.975272
1.00328
0.992765
1.01168
0.997391
1.00994
0.997614
0.999543
0.974562
1.00761
1.00037
1.00111
1.00372
0.976369
1.02703
0.98262
1.00203
0.999259
1.01288
0.971874
1.01291
0.99231
0.996877
1.00112
1.01936
0.993772
0.999061
1.00795
0.999286
1.00238
1.00833
1.00131
0.993463
1.01939
1.01053
0.999065
0.985754
1.01375
0.998249
1.00202
1.00616
0.98537
1.00981
1.00977
0.999664
1.00878
1.0272
0.99631
0.995599
1.00906
1.00898
0.99128
0.992623
1.00569
0.976532
1.00825
0.987171
1.00047
0.996455
1.01007
0.999498
0.999766
0.971903
0.996439
1.00875
1.00931
1.01475
0.996117
0.981896
0.997014
0.978493
1.0019
1.01379
1.00836
1.01131
0.99522
0.961195
1.00064
0.990301
0.994495
1.00564
1.00509
1.00847
0.991599
1.00437
0.993995
0.994803
1.01095
0.995027
0.981067
1.00351
0.992986
0.994828
0.989551
0.994296
0.984858
0.996717
1.00469
0.988279
0.988904
0.978434
0.992658
1.00009
1.01665
0.999827
1.00033
0.988163
0.992782
1.00428
0.992933
0.992199
1.00598
1.00882
1.00307
1.00856
0.999057
1.00647
1.00118
0.966694
1.007
0.992652
0.986128
0.999388
0.991365
0.986878
0.99516
0.998402
1.00468
1.01994
0.995434
0.997364
1.01059
1.02509
0.9894
1.00269
1.00469
1.00258
0.99675
1.00553
0.987146
0.972234
0.990051
0.97724
1.00212
0.972901
0.992911
0.973968
0.996124
0.985812
1.00733
1.01545
0.989522
1.00792
1.0075
1.01031
1.01087
1.00422
1.00034
1.00599
0.980112
1.00216
1.03414
0.995203
1.00217
1.01948
1.01121
0.986421
0.999716
0.999186
1.00228
1.01382
0.98139
1.01226
0.992808
0.991805
1.00541
1.01613
0.973486
1.01024
0.978379
0.995209
1.01655
0.996031
0.984586
0.99155
0.998914
0.99719
0.992653
0.985886
1.01277
1.00311
1.00401
0.997073
1.02169
0.985336
0.990933
1.02159
1.00245
0.992893
0.994546
0.997566
0.991561
0.975587
0.983707
0.993793
1.01181
0.998309
0.996072
0.999863
1.02268
0.983159
0.990911
0.99914
0.998911
1.00805
1.00249
0.999169
1.01296
1.00759
0.988491
0.981216
0.985787
0.986996
0.995383
0.99857
1.00471
1.00877
0.978278
1.00724
0.997638
1.00176
1.00669
1.00442
0.98873
0.991058
1.00357
0.988187
0.989291
1.00961
1.00829
0.992012
1.00006
1.00233
1.0175
0.997616
0.985339
1.00524
0.986857
0.978861
1.01273
1.0041
1.00805
1.00106
1.01017
0.980014
0.998565
0.999404
1.01308
1.01119
0.991908
1.00993
